00010100100001101001100000110010000100100010000100010001000000100100000101110110011000100010100100101
00011100000000011001010001110000100010011011000000010000010000010000010110000011011001011101101100001
00000101010001000000110000001000000011000000001100111011001101000000100000101000000000000000000000000
10101011000010010110000110000000001010011100000010001001011010110000100000010000010000100010010001011
00100000001000000010010000001110000000000000000100000100000001000101101001001010001100000010011101000
00100010100000010000000010110000000110000101010100001000000100001000000001000111010000000000100110101
01000001001100000000100010000001000110000000001010000011001110000000000101001001000001001010000010010
01010011110001000101001100100001001001000011100100010001000001000000110000000010100001110001001100110
10010000000110101000000001000100001000111000010000000011011000100000100100101000000001100000000000001
00000000001100100000110000010001100010100000010001000000100000000011000000110010010001011000000001101
00010010011001011010001110100000000000000010001010000001100000000100100000100100000000101000000110000
10000001100001000000000010000011001011100000010001100000111100011010011100000101000100000100100101000
11001000000010000000010110000110001000011000100000001000001100010000000001000010011101000111001010110
00001110111000000000000000001001100000100010100100001001000001010000100010000000100010100100011001001
00000011000101001001111001101001000000011001011100001100010100100010001100100010111010110000010000000
10011101000100100000000001010110000110110001101010100101000100100100101101000010100100000110001100010
00100101001100001000001100001000100011010100001011000001100010001110001100110001010000011010001000001
01101010000000110000010101010001000001100001001010001111100011110011001011011010110000010001100000000
10010000010010000000001010110010000100000100001010011000000000110000000110000001001000010000010000000
00101001011100110000001001111000010010100001000000000010000111000010000000001101000000001000100000001
00011001100000000000000011000001100100100000000000001101000100001101000110100000010100001101001110000
01000000100000000010001001000011000010001100000011101000000110100000100000000000000010100001100001000
01111110001001101110000100101001010000001000011000000010000100101101000000000000000010100000011000011
00000000110000101100000100101001110101101010010000001000000010010101100000100011000001010100101011010
01000001000100000000000000001010110010100000110000001011001010010100000000000000010110000100010010000
00000100000011011000011111000000000100001010101000010000101000010000111100100000100100100100001001100
11100100001000100100000101010011000011100000000001011000110110110001000100000010000101001001000100000
00010100000001100110000001001100100000000011000010010001001001000010001010101000001101100011111001011
00100001011010010101000100000111000000000101000000100000100000110011110101110010001001000100000000010
00000100000001100001010000000101000110000010000100000110010010000000000001000000000000001011101001010
00010000110000100000101000001000001000000101000100101110000000010101010010000010001110010000001110010
00000001100110110000010001000000000110000010101000000000010001000110100010101100010000100010000000100
10000000000000001000000110000000000100010110100000000111010001001000100101111010100000101100100000010
00000000010000101110010010100100100000001100000000000000100010101010110100010000111000101001000100100
00111000001000110001011100000000100100101000001101000010100000001100000100100000100000001000101101000
10001010010001000010000001000011101101100000001010000001010000000000100000000000000000001000101001001
00011010100000100100100010011001010000100001000011001100000001000110010110000000010101000000000111110
00100010100110111100000000010101000010000010000010100110000101011000010000001000100110000111000100000
10100111011000100001000100001000010100001010101000000100000010100001111010001011011100100100000000111
11000100100001000010100101101100000100100011101011100011000101110000000010010001100010000100000011000
00000100100100000111100110000000111011000000100000101000001000010010000001101100000011001110000001000
00001110000110001100100000011000000100100010110011010000101000000100100111100100000100010001000101000
10000000000000110001001001000000000000000000010111010000000101000000000000010000100010000101000001000
11001110000010001000010010100010000101100011110000001100000000000000001111011010000110000000110001110
00000001000101000100000001001001000001000000010100100101000000001101000011101000100011000100010000001
00000001000000000110001010101001001000000110000001000001000000000100000010111000010100000110100000011
01000101000100010100000010011010000101000000100011000110100000001001010000000010000000001000000000000
00100000100100001000000001000000100100010000100000000000100000001110100000000110100100010010100001010
00011100011101100000000110010100000001110001011000000100000000001101000000101010001010001010000001001
00110110010010001001010000010010010011000000100000100000110000010000111101000000100000001000100100001
00100010001101111010000010001101110001001000110101000000000000000000010110000000000011100011000000010
10010000010001000010000110100000100101001000100000101010101100000101010001000110000000110100000011100
11011100000000000110111010100001001100000100001000110100010100000000000000000001000010000110010000010
00000100010011010100000000000110100000000001000000001000000100110010000100001000000100000000010001100
00110100000111010000000100011000010011011010000000000000100100001011000001000101001100100000100001110
00000001100000100001000100001000100101001000010011000010101000101011001001001111100100000111100010001
00001010001001000010100100100101000000000001001101001001100000010100100001010000000000010010010010001
10011000000100011000001011000010000100010000010011010000000000100101010000001000110100011010011100000
00000000101010101000101010101100000000010110000000110000000100000110101000010011000011011111000001001
00000010100010001101001010011010001010000000101000000001010000000000010000100000010100000100100000000
11101011100001001000010001000111101001011000001001010000100000100001011000011000000111001001010001110
00100000100011000000010010011000100010101000010000001100010000101011101001011100110000000000100110100
11001010101100100001100101000001001100100100101101010000000011100000010110000000010100001000001010001
00100000011010000110011101000110001011011100010010001000110100100001000000010000000001000011000100000
00010000100000100001000100000001010000000100001101010000001000100101000000001011000001000001000111010
00000000101000100001100000000000010111010000110001000000001111100000100100010000000000000000000000100
10111100000010001000000001000000000001010101001000000000000000001000000001000000000000010001010100100
00010000110000100000101100110000000011001010000100000000010000100010001000000000000001110000010011011
00100010010000011101011000000001010001101000001110101000000110111000000100100000100000000010011100000
00010000000110000010100111000001001110010001110001010100000001011110000011101110000101000000000011000
01001010101100001100100101100011010000001010010000001101010101100010001000100011000100100011111001010
00100000011000001001000000100001000001000101001010101010000000101110000111000010000010000010010100000
10001000000101000000110000000111000000110010100000010010011010000001100000110010001000000000010000000
01001000000000011000000000001000000110001000110100001100010000100110010000100010110010000000101010001
01010000010001000000000000000010000000010010000001000001110001001001100000100011010011010100010001101
10000000000000000001100000001000000100100110010001001101000000011001000000000001010010111001001000110
01010111000000001000010000010001010101100000100000000010001100110001001000010000001100000110000010000
00100000010000100010010000010000100001010001101011001111010000000000000101001000001011000101000001101
00000000100000100001110010100110000100100010100000010100010101000010011010001010001010001100001010000
10001001000001100001001010010001010000000100010101010000000000000110000101000000001101000101000000001
01000000000101000100010100000001001000011000010010000010100011000001011000110000000000001000110011001
01000011101000000000001010110001110000010000101000011111000000010010000000000011010100010001001100000
01101010010000000000000100001000011000001100101000000000000110010100010100101001001100010000001010010
10100000001100001000111010000000000001010011000101001000100100110010000001000000000110011000000010011
10000111001001110001001000110001101110010001010000100001000100011010111001001000000000001100110010000
00101100001000000110000000011000001110100010111000001100001000000000100001001100001000000011001100000
01000000001010000010011000000011100000010100001000011000001010110111000001000011000000001000000100000
10000101010001011011001001100101100001000000001100010000000000101000100100000000100100001000101000000
00100000001010000001110101100001001000001100000100111111101011100000000000100010000001000001100001100
00010001001001001100101100000010001000101110000100100001000001000011110000010001001100001001000000010
01100001110100000000010001100100000000001000101000000001100000110100010100011000010001100001100000000
00010000010101100101110001010100001001110110000100101010000100010010100000000010000010100110100001110
10011100011000000000010101000000000010000000000000001000100100000010000010000000110011011000001110000
01010010110001000100000100000010101000110000100011100010100000111101111000000000000000001001000000100
01010001001000000101110100000110011000011100010100110010010100000010001000000001110000010000000000110
00000010011000100101000000000000000011001000001000100100000100000000101101000000011000000010011000000
00010100101101101001000111010100010010000001001000100100000001001000000101100001010001001000001100101
00010100001001001000100001000011001100000101000000100001100010010100000100110110000011000000001100101
01001010110101000101000000000001000011111010000001011000000001000000111101110010100001001111000100101
00101000010000011001100000000000100010000001011110001000100000000100001100010011101001000100000000101
00000000000111100000000010101000101001000000100000001001000100001000010100000000000011000101000010000
