00001000001010000100100010011101000111000011001010000110010011100000001101000000001100110000000001101
00000000000101100011000001000010000101001000001011000011001000100100010000001001011000011000001001000
00000000000010100000001010100000000001100100010100011010011000010101010101001000110001100100011001000
00111000000101000100100010101110001000000010011000001110000011000000010000000000111011001010101100000
01100000000000100001101001010000110011000000100001001001100001000010100110011001100000001100000101000
01100000000000000100100000001100000001111101010100010000001011000000100101000100000100010001001010100
00001110011100101000000010001011011000001101000000000101101010000000110010000000001010100001010100011
10001000000101000100011000010000000010000111000011100001001110010010000001100100101010010000000001100
01010010000101000001110001110001000000000010111100000101010000000000100010100110100101100100010001000
10000100010101000100000100010000100101101010010000001100000000000000001100001100000000100100011011001
01100011010010111000010000001000000110110011001000100001000000100001010000001000101000000101100100110
00000001000000000000010011011000010000100010110101000001100001101010100100001010100011001011100000100
00011010101111000000000001100000100011000000001010000000101010000101000111010100110000110000010110001
00000100000000001100101000000001001001010000000110000000000100001000000100001101000000010100010100000
00000000111010001001010000000100000101110000111101110100011000000000001000110101000100000000001010100
11111101011100000010000001010001100110000111000000010101000110110000000000000001010001101011001010010
01011000100010001010001000101001100100000110010000010101011001000001100001010000000010000000000101000
00000011000010110001000011000000100000110001000010000100010000001010000100000000000110000001001100000
10010101111011000100011000101000000100100010100110001100000011010001000000000000010000010001100000100
11100010010010110110100001001111011001001000000001000000100101010001001110101010101111101000100000001
00000000000001010100100110111101001010000011010000000011000001010001100010000101000001000010000101000
00010000000000000001000001110000000010100001000000000110110001100000000100000010000010011000101000000
10111100011010000010111000000101010000000000010111001010000001010000110000000010000001100100001100000
00000000100011101010110010000111000101000000011000010000110000100010001000111010000011100010010001011
00000010100000100010000100111010101000000101001110001000000000101100110001101010000000000101011000000
00010001010001010001000000000000000000000100101000000110001001001000011101011101101101011011000000001
10011001000100010000000000000111101010111000101000010001000110001000000110000010100000100010110000001
10001000010000010000010000001010000000010111001000000001000010010101000000010000100001010000001000000
11000101100101000101000001100010100010100010111010000010011000010101000100000000000100000001110000101
00010000010100000110011101001010000000010010000000100100110110001110000101000001100011000000001000010
00100000001000101100000100000010010111001101010000000000000000000001001000000110110110001000110010000
00010000000100100010010001011000000000011010011011001100111111000100010010001010000000000001010000000
11000000000000110000000001100100111000110010000011001010000000000110000000000001001000001100001010100
00100100011010000110011110011101000100010001110000100110000100100110000000010000001001101110001000011
00010011101000010000100110000000100100000001000000000100100010001000011011100001000111001001100010000
11000000100001100000011000001100010010100001100000110000001100000010000010100000100001001100001001000
00110000000110101000010001100100010100010111110111100101000010101100010001011010000110000001000010000
00010101000100100001001100010101010100000100011010110000010110100010000100000100010101000100001010010
00010001000001001010000101000010001001011000100000000000010010110110100101110000001000101101000001000
00010101011011000000011000001000010000101101000001000000000001100010000111100000000100001001000001000
01100100010001000001100000000000000000000001000000001000000010000100110100000011010100000000000010000
10000000000000000100000001100000000101000101001000001000101000001100000010000011010101111010000001101
00010000001100100100100001010011000000001111010101110011000010011000101000000010010100000100000000001
00010010101000001100000101100010001110000000001000011010100000110111011000111000011001101000000011010
01010001100000001010000100101010000000101101010101000101001000001001010000110010000100000000000000001
00010000000010010000001100010000000000000001001101000000000000000000100100000000010101001110101010000
01100011100100000000001001111000010100010011111010000001000000000101010000010000000010100000100000110
00110110101000100000010000000011000000000010000011000100010110010000000000001000110011010000000100111
00000000010000011101100011101011000000100000100000101100001101001010000100000100000011001010000000000
01101100110010110100000010100010100110000000010000010000001000011010000000000110000001001000010100001
00100000101110001000010000001111101100000011010011101101100110000001001100010100000000000000000000110
01000001000000000100000110010100010101010100110000001000000010000000000000010000000000110110101001000
10000001010001010000001010001011001000000011000000111010000110101100000010000100000000100100001000100
00100101010000010110011001000100010001010100001001000011010000000110000010100000000000100001000000010
01011000100100111110111001000000000000100010010000110010101000010100100000100000000010000010100000010
11010010100000100010100000010000000100000101010000100011010000000001000000010000001000000100000100000
00100100110010000101000011010100100000000000010010001000001101100100000001110000100101000100010000001
00000110100000110000000000001100100110101110000000010011000000110110000100010100110110000001010000010
00000110000011010100100011001100010000001101001000100100000110000100011000000100100000100000000100011
00000000100100100011100110100000100100001000001011001000100000110001000100100100100000100001000101000
10000001100101100000100101100100001011000100011011010001000000100000001011010000001010010000000000011
01000000011101110000010100011100111000101100000000010100010110000000000000011100100011101000101000010
00111001011000000001001000000000000101001000000100000000100000011001000001000100010011110001000000001
00000000000001001100010111000011100110101000010011000000011000010000100010000111010100011000000010010
01000000000000000101110110010010001000000100001001000101100001011001000000101101000100000000000010110
01000000100011001000001000101100010000000101010000000010101001100000001001100011110100000100100000001
01000001000100000000010000110100010000010010101010100001100011001000010001110010001010010100010000010
00100001001000000000000000100011010000010000000010010011000110011100000001000000010101000010011000000
00111000000010010010000001000101000010000000010001011000000000100000111010100100010100101000000100010
00001001001010000000000100110000100100011000000011001011100100001110000100001010010000110000101001011
01001000100001010001101100001000101011000101100011000000001100100010000100101000100000100111000100010
00000000011000001000010010000100010100011110111100011100010010101000000000110011010110001010000110001
00100000000000000001110001001000000001000000010000010100110000000010100000001000100000110000000100111
00101010100000001110000100011100000110000000110000100100011000001000010100000100000011000101001010000
11010001011001101100100111010101000000000011010100111100010111000000001000100100011011000101000000110
00001101000010000000010010010000110000000101001100000000100100000000101000000000000010001110000000100
00000000010100111100110001100001001000100001011000000000000010110011110110010110000110111000001110110
00000010100000010111010110001000100000000100001010100100010000000010010001010101111010011100101000000
00000000000000010000101001000101101000001001100100110100100100000000000100000100001000000101001000000
10001101011000000011010110010000100001100000001111010010101010000000110000100110010000100001100100010
00101110001010101100100011000001100000100100110010100001001010100100001010110010100010010110100001000
10101000000000001000101100001000001100000101000001000000000110100001010100101100000001011000001001010
00000010100001010000100000110000100110100011000001011111000000011110000000000100110101100110000010000
00011010000110100100000111000000001010101100001001000001001011001001100000000000001010100001100001101
01000001010011000100100110100000001000101000001001001000001010000100100110000011100010000000000000000
10010000000010000000100100010000010101001100100011001010001001001001001100100001010100111110010000010
01100000101010101101110000110010000010101000001000100010010001001111000101010000001010010000110101000
00010001011000000010010001100100001000000000000001001001100001000000000010001001000011100000010100111
00001010010001000000000001001000010110111100001000001000010010111010100000000011000010010001001010010
00001001001000011000100001000000000000000010100001011001101000000000000110000001010000001000000000001
00001001010010100000000000010000111001011010000000000001111010100010000000000000111000000000000000100
00110001100010000000001011010101010000100000010000001000000100100000000110111000101111100000000010010
01001001010100101000101000010000001010000000100000110000000000001001001000000001100000001000010101101
01000000101110000101100100010010010100000100000000011100101000011000001010101011000000100101100000010
10000110000010100001001011000110100010100100010000100000010001100000001000011000000100000001110000000
00100000101001010001110110000100000010100100000000111111110010000001011100101000100010100110011100000
01000010001001101100000000010010000011100000101101100010010000000010000000001010010011000001001100010
00111000101101000111100001000000000111001000010010001001110101000001000000000100001000011000100100100
00000001000000110000000001000110101101000100000000110011000000011001000000000011111110000000000010010
10000000000000000101100111101100000100000010000100001100010101100000100000010000000100010100010000000
00011100000010101010000110001100011010010000010011000010000000111101011000110000000010000000000000000
