10010010000001001011100100100110100110101000011000000000010110001010000101000101100000110100000100110
01000010000010000010001001010101000001010010001010100100000110100011000000000001000100101100010100001
00001000000001000000000000000000100001000010000000000011101010101000010100101010100000000011100001100
00000001010001010010001000100010010000000010110010010010000001100011000000010010010010001000100000010
00100011001101110001001100001100000000010101100100101100101000001000110100001010001100100010000001100
00001010000001000000010001000001000010000001001011000010001001011011010000100001011101001001001110001
10101110000000000000000000000100100001010001000010110011001100000000100001000000100001100000010000110
01000100111010101101101000100000000000000001011001000000010100000000000010100100000000101000011011000
01000000011100001001110000010000000000000000001011000010001001000001101110000000000010100000000100000
10000010000010001000000000011000100110000000000000101100010100000000000000011000000010100001001000000
00000101000011001100011100000110000000000110001000000010100010000001100000000110000010100010001000000
00000110100100111001000000000110010100001000100111100010011100001100111010010110000000000000100101000
00111000110000011000000000000001000001100010000010110000000000110000000110010010000101111000001010100
01110100000000101000001010001100000010010101000010000110100111010010100000000110000001011001010100010
00010000010001010001000000100000000011000001000010000100101001010000101110010000010110000100010000011
10100100101010010000100001100001000101010000001101000010001010100100001000110101011000101000100000100
00000000110001100000000001110110001010101000100000000001001100001000110000000000000000000101001100000
00000111001000100100001110000110101011001101110110001001100000000100011101000100100101101010101010101
11100010010000000000001011000011000000100000000010000010000101000000011000000000000000000101000000000
01000001010010100100110000100000001000101001010000100000010101000000100010010101101000010010011011011
10001000100100010000000000011100000110000010110000101001000100000010010000110000110000001010000100100
00010010000010000001100000100010000100101010011011001001011001000100100000101011000000010010001010100
00100001111110001000000010100110000000000001000001000000000000101100000011010001000001000010111101000
00111111001010100001010100100100010010000001111000001000001101110000111011010000010100100100000001010
10010000010011000001000001000100010000111000010011001001001011000001000000011111000000000000100000000
00010010010110101100000110011101000000010000100010000100000110000000110000100101000001100001010110100
01000001000100001011001010000010100100101011011100000100100100100101100011000100000010000000000110100
11000100001000100010100000110110000111110000100000011000001000010100010110000001010000001010010001110
11010011011000000101000001001000000100010001000010101000000101100101010000100010110010001000010010000
00001000100100100001000100101000101100000110010001010000011011110000000011011000000010100000010000000
00001001000101000010100100000000001100100101100001000000101000001101000010110110001000000000001000011
01110010000100011001001100010100100000000000100001100000010100001010100000000011001011010010110100000
00001000000101100000100000010000010000100001000000010100000010000110100000100110100000000000001010001
10010010100010000110001000000110011001000011000100000100000001100101100010100100010000001010110010000
00100010000100100011110100001101011100000001100010111100010000010100110000101101100000101100010100100
01011010101000000100000011001000010000000111001111001000010000000001000000100100010000001010100101011
00001100000010010000000000001110000000010000110000000110101000010000111110010100000100010010100100010
01111000100000010010100111101000010011100000010110001100100001000000000011001000010100001100011000001
10100000000000000000011000010100100101101000000000001010000110100010010000011111000110100010011101010
00000101100001000011000000000100010100110100001000010100001000100100011000010000000111001100010000011
00000100000101000100010001111000000001000101100000001000101101011100100110011011100000100100000001100
10101001001100000000010000100000110001000100000011111000000000010100001000000000100001100101010000000
11001001010000000000110000000000101110001010001100000100101000100100000110001011100011000000100100000
00000000010100011001001110000001110010001000001010000000000001000100101001010000101001000100000000100
00100001000000000000010101010100000100010100100000111000000000101000011000001000110001001100000101011
01010000001100100010000000000111100100101010100100001000001001010000110010010000000010001101101010001
10010101011100001010001001010001000101000000001000010000000010101111101000000110101000000101001111010
00001011100000110010100100000011000101010001010011000011101001011010000000101000100100000001001000000
00010000010011010001001000011000111110101100100000001000001000000000110001100101000111000000000001000
00010000000011010010110101000010000000001101001000100010001000100010001000110100101000001101001111001
00001100000110000010001010001010000001100000000001100000110001010010110100001001000101111101010100010
00001000000010000011101000001000011000000110000010100000010100000001000001010110000100010001100100100
00001000101000010111001000100000010100010001000010000001001000000000000101100001100000000010111000101
00010000011100110100000100100000000000000010000010000101100000111010000010000010110111101010000000000
00001000010000100110111100001110010100101001111010100101100100000010000000000110001000000010000101011
00001011000000010100010100000000010000010010010110000000100010000001000001000001100010101000101111000
01110000001001000000010110101011101101010001000001000000001010000000000010110000101001010010100000100
10010110010000001100010000011000001000000000101011101101000100001101010001011110100000100001010001110
00011010100010000001010000100001000110000010101010100000000001010010010000000100000001110101100010000
00001000011000001000001110010011000010000000100000001000010000101000001000110100100010001001001100010
00101000011010000011000000000000010000001010110001001111010110000010000000000000000100100000011000001
00110110110100100011000000010010010000000100000101000001000010100000100110010011010100110011001100000
00000100100000100000000000000110110010000100100000011000100101010011001010000010000010000010010101000
00010001000000011001001000100100000001101011011000000101001110001001000000000000000110000000011100001
00000001100000100100000001010010010000000010111000010010001000000101101000001100010000000000000001010
00010000001100001110000000101100001110000111000101000010010000101100010101000011000001100000001100001
01010000000001000000100110101110010000100000011110000000000101000010100011000000000100000100000100000
10100001100001001000000011001000000000001100010001010010000000000000001001011100100010110001000010000
01000000001000010000100000011000111111000000000010110100110010001111000000000010100000000000110100100
10111000010000001101011010011010001010001000101000000011000001010000100100110110100100010011100000000
00100101011001101000100100001101010010100001011001001000101101101000101000000000000001010010001100000
00001000000001110011011001011010100010011000100001100110011000000000000000001000011011011010010010000
00100100000010000110001001000000110010010001010001101010100000100101001111010001000000100000100110000
00110110000000000010000010100100001100000101110000010000000001111001001000000000110100000000010010000
00000001000010010011001100000001000000000010000000101000010000001110000000000000000100010100110000001
00100010010000000001000000001010000010101100011001000001100000010100000010101001000001001001110010001
01000010000000000010000000010100011010000000010110000000010000100000100000101001010000001010000000001
10000010100010001000000000100000000000100001001100101100000000000101000001001000010000010100001000000
00011000000100001000000011000001110100011010100100110100000011000000110100100111001000110000100000000
10000010001001010010000000100110010011001011000000010100100000011011011000000000110101001000010000001
01100000001010001110001001110000001000000000000010100000100110101000100000011100001000001110000100000
10100010010000000000010110010100100000001100000110100000101000111011010100100001001100000001010000100
01000100101101000000001010000000010000000001100001000001100001001000100010000111000010000000000000000
00001100000000010110000000010100101100000000100000010011111000000101011000010000000100001110010000000
00000000000000000001000101101110000010011010100010000010001000001011001011000010000000101000100010100
10001010000000000101000110110000000010000000111011000000001100000100010001001000100000010110001001001
00001110000110110000100001001010110000011011010001100001000101110000000000001100100000001001010000000
00000000000011100001101010000000011000010100100000101100100000000000010011001001010001101001010001101
01101110000101010101000100010000010001111000000000010000001010100000000000100010010000100101100111001
01101000110110000001100100100011101000101010110000000000000111001000000001100000010001101010101100100
01011010000001000011000000000101010010000011100010010000010101010010010000001000000001010000010000000
00000100101001001000100000000010010010101100100100001000101100000000011001110000010110010000000000001
00100001001110100000010001010000011001000000000000101010011000100000001000000011000100010000100000100
00111100100100001000001010001010000001000100000010001000001111011001000000011100100000010000000000000
11000000101000000001001101011000000000110000000001000101010100100000000000110000000111100111000010001
01111011010000000001010010000010100000000000000100001100001001100010011010000100001000100100111000000
00101000100011001000000011000000001011100110010001000010101001100010000000110010001000100000110000110
00010000011000000000000100001000101001010000100110000000010010010000000000100000010011001010100001010
00001100011011000100001100000010111010000000101010011001000000000000101001000000101101001001001000000
00010010000000010000001000100010000100001000000100100010100101011001010100001000100000110000100000000
00000000001100010101000000000010100000010100100011000100100000010001010001111000110000000011010110001
