00000100010000000010010100100010100000010001001100100001011001101000001010010000010100000000000000000
00011001010000001000000101100100001101010100000011001000000100100110001001011010000000010100101000010
00000010100010000100001010001010100100001000010001001010010101110001000011010000000001101010111100000
00010011110000001011011000010110001100001100010110100010001100001100010000001000100110110000000101101
10110100000000000010000100100000101011001000001001001010100100010000010100100101000010000100001010000
00000100100100000000001000010100111010000100000000110010110010100011000010010110100010001000010010000
01011010001000000100000001100000000100001010000000010101010000011000101100100001000000100000001000010
00000110010001010000100110100000100001001101101000000000100100010110100110100001001100111100000100110
00000000000100000100001001000011000100000010100101010000000000010101110000100000000101000001000110011
00101100000000000111100001011000101000100000001011001100001000001001001001000000101111011000100100100
00000001000010000000011000100011000100010010001100110000000010000100000100010000000011100000011001010
11000010100000000000001011000010110000010010000000001001101000010110100010010011011110100101000010000
00100010010000000100000110000001000010000000100010001111000101110010100000010010001000100001010000010
10000001010000001000000000101100101000001000001100000001000110101010010010011110010000000000001101110
10000000101000000101101100100000101010000000100000101110100000001000000010000000011100001100000000010
01110000000000011000001001010001000001100000000011000011000000001001100000001010011100100000110100100
10101001000100000111011010000110000101010000100000000000000100000001100000000010010001000000001000000
10000100000010111001000001000000101001000010010100000001011010100001010110000010010000000011101001000
00010011001101100110000110100000001001001011000010011001000110001100110100000100000010000000110000000
01100100000000000101000101000011000001001100000000100011000110001011010110000000100010000000100000000
01000010100000000000111101000001011000000010000000101010110000000001000101011000100011000100011010111
00001110100110110000000000010011110010000101001000000011000000010100000000000000000000011000100100001
01110001100100001000001010111000000101010001110001001101011010000100000000001100000000000000110000000
00000001100100001000100000000001000010100001010000000101000010001110101000000100100000001110101000000
00000000110110000000001100010100000000100000001000000010010000010011100010110000000000010110101010001
00010100000000000100000000000001000000000110010000000101010100010000000000001100001110110011001001100
11000100000000010000000100101000001000100001000010001000100001000001000011010110100110001011000001010
01000010010110100000000000000001000001001000101010111000001100110111001001010000100100010000101001010
01100110000000010110001011111001000111001101101110000000011011010010110010000000000000000001011000110
01101101001010101101000010110010100000000000100000000001000000010010001010000100001000000000001010010
00000011010110000000100000000101000000110111101000101000001001000000011010100110000100101100010000000
00000001101001001000000000000011010011100001001000001001001110100111100101100000000000000101101011000
10000101001000101000010100000011010001000000101000000000101000000110000100100011010110000000100000001
00001000010000100110000100000100010000000000000011000100101000000101001010100101000001010100000000000
00100100100001001001010010001100100000001110011000001001100001110001001001011000101010100000001100110
01000010010111100101100000000100000000101100001011100010101001001001010100100100100000000000010100011
10001010001000001000000000100000000110000101000100000001000000010010100000000010000101101000000000100
01000000100100101100000100110000000000010001001111111000000000110110010101010001010000010100000011100
00101100001011100001010001000110110011110010000000000000010000011001011010011000000000011000001110010
00001011000010111000010001010000000001100110000000010011100000001000100010001001000000000000011100000
00001001100101000110100010010010000001000010000010101000011010000100000100111000000010100000010000000
01001010000001000110000000000100010000001000001101001000101001101101000000000100101000001101010000100
00101010111101010000110000000100100100011011111110000001010010001000000000100001000010000000010000110
00010100000100011000010000000001110000100010000001010111000101110001100100000001000110110010000011000
01101010011100010110000111000101000010011100101110011100111100100000100001000000000010100000100000010
10000010111111100101101000000000010000001000100000000101010100010001100000011010001010000000000011000
01000100000010010000000011000011000101000011100011100100000100010000000001000000101100001010100000100
01001000000110000100001001100100010010010101010100100010000001001010011011010111010001001001010010000
01000001000010010001000000010100110000011010110001000001100000010000001110010000001010010000000010000
01000010101001000100000110001011001000100000101011000000000100101000100011000100100101000001010100010
01001000100110010001100000000100001011100100000010001100001000000100110000010000001000101010001001001
10100100110000010001000000001000010000101000101100000000100000110000100110001000110000000000000000101
00000000011000001001011000010000010000101011001000000100000000010010111000100000000010000010010100001
11010011010100001110010001001100110000110110010000100000011000000011000000101000000000000000000000001
00010101000000000001010010001000000000010010000101010001000000010011011111110001010100101100000000011
11011100001100001010101000010000010000101101001000000010010000010000011001010000000000001000100000100
00000010001010000110100010000101000000000000000000000000000011011000010100001110000100001001100000001
01011001000001000001001000000001110000010000000000001000010000000001100010000100111000000100010000100
01010000000000010010000010100000010001101000000000010001010110000001000001000100000110000000000001010
00011100001000000000000000000001000000000100100010101000110001000110001100110001010000000110010100100
01000010000000010010001001001000100001101011001100000110100000100001000000000000100101001001000001000
01110010100000000000100100100000100100000110100000000100101001100000110000111010100000000001000001110
00000000011010000000000010011000001000000010100000001100101010010001100000001000000110100010001001101
01100100000000110001101001100001000010000010001000001011000000100010001001100010000110000010011000000
00000000000000011000001010001010111000001100101000100010000110010001010100010000000001110000000000000
01111001100111100000000110010011010110101101011000011000010000010000101000100000001110110000000000000
00110010000000100101000100001000100110001001100000110000000000001010000101011000100010101000000101000
00000001000100000000000100100010100100001000010011000000000000000101000000011010010110010001001110010
00000000110001011001000100011100000000000101010011010000000000101111111101100101000000100000001010000
00000000001100001000010000001100000000000000110000010000000110000000110001000001001001000100000001110
11001010010101000011000000100000100000100001000100011000010001000010000001000101110010101000100000010
00100000101110010000000011010110000000100100100001000000100100101000001000000011000000000000101010100
00101111000000000101000100011010000001000000100011000001101001001000011000100000010100000100011001001
00110000000001001000110101000101100010000010010000001101000000011001100100100000000001010101000000000
01001000010001010101000100111101000000010010100000011110000000101100001000111010110001010010110110111
11100000001010010000111110000010010001100010100111010001110000010000101001110000011000111100011000110
00000000001100001100000000000001010100101100101101000000100000110000110100001011011101000100010110100
00010001001000001000010000010100100100010010101000001000100010100000001000011011000010000000000000110
10100010000001110001000001000010101001000000000100000001001100100100010001000000000010110010000000100
00001000001100001101100010110100110101010000000000001001011000001001011001000000010001000001101000100
10010111000001100111001101000001001000101110010100010001101111000110000001110000101010100000110100000
00010000000001000101001100100110000001001000101001100000001100001000011000001110101011100000000010100
00101000111010100000001010000000011101111000100000110001100010100100110000000000000100101010110000000
10000000101001000010000100001001110100001100000000110001000000000101100110010110010010010001001100000
01101010001000011111100110110100000011000001001011100000011100001000100010010000100000001000000011000
01000101011000100001000000101010000001001011001000001000000000011000100001100000000010011110001100100
10000010001000001001101000000100010000100001000001110010000100101000000000000001010000000101100001010
00111010010010100110101011000101010010100000010001000011100000001100010001100010000000011000110110000
01000010000000010001111000101000001010011001110000000110000010110101001000000001000110100001000001100
10111010000100001011000010000011001011101011010000010100010010010110000010000001001100010010011100010
00000001001100000000100100110000010100010000010001100111110000010001000000010010000000001001100011101
01011100100000000011011001000100000001100101100000100101100001101000000011000011100000110000000000000
01100100000000000000010100010011000101010100000100100100000010101000000010101100000100010000000000000
00001000000000101100101000000100101000100001000011010111110100010001101101000110000010001000000000000
11000010000101010001010011100010000000000001000000000000000000000001010010010000000000010000000000000
10010001011000100001010000001011000100001000000110000101001000101001000010010000000000010000000000000
01011000010001111000110001011001110001100100011010000010100010100001000001100010110010100000000000000
00000001000000011010000010000000000000001011100001000100000010110110000000010000011011000000000000000
00000000010111000100010100011001000000000001000010010010000101000010000000010000011001000000000000000
00000000100001000011110010000000010000101010000010000110000010110100000000001000010010000000000000000
00100100010100001010000010011000001000000100000010101100011100001000000000001000110100000000000000000
