00010110000001000100001000100111110000000000000001100100000100000111100010010000000110010100011000010
00000011001100111100001011000000000101001101011101001001000110001000010100110110011000000001010000000
01000010000011000100011001001110010111010000001011001001000001000100001100011110001100100010110011000
00100000000000000000000010000100000010100011110101000000000001001010000001010001000000110011010010100
00011000001001001000001100010001000101101000010111000100100010110000011100111100010010100100100000101
10010010001011010001000111000000000000000110000100001001000011000101010010000111010000101000010100010
01000100010100000100000000001010000010001100100000100000001001101110011000100000000010000000100010000
00010101010010000100010010100010000000110110000100001010011000110000010000110000100010000000000100011
00011000000010000000100010101100000100011000100000001101100000000001000011001010001101000001000110001
00000101001100110000111001011110011100010101000001100000101010000000000100000000001001100010000000001
00001011001000000000110010000000000101000110110000001111011010010001110011000000010000100000100011000
00000110001000000101001000001000000001010001001100001001010010110000000001000000001000001100100000001
11100000001001101010101000001101001001010000110000110000010001010010000000000101010100101010001000010
00001010101100010110010000010000011101101010100101000011010010000111001010001000001100010110101001110
01001001111001000000000001000011100000001101011000110100100100000001000000100000100001110000110000000
10000000000000100000000010100010000000001000110000000010110100010010011001100100010100001011000000000
01000010000000001010011000010001000100000111010000001001000100000100100001010100011000001000000000000
11000000011000000000010000100000000000001000000010000001101100001100000110101000100001011001100100000
00100000010001000001110100110000100000010010000011001101000110101010111000011001000000000001000010010
01001000001000000101000100001000000011011100100110000000100000100011101010000000001110010101010010110
00001100101110110001010000000100001011000010000010010101101100110000100000110001100010100101010101010
00010000011101000001010100100100000100111000001001010011100011010000010000010110001000110000100110000
10101000000010000100000000000000100100100001110100101000101100011000000011110010100000101010000001001
10000001001101010000110011000000010000101110000010001000000100100000010001001010000001100100000100000
00000010000000001000001000101000110000010101000100010001111011001100011000000011010000000001000010010
00000000100001011001001001010011100011000101000101100000001101011010001000000000000100001000010100001
11000000000000110100000100000000000010000100000000101001001000000110000100110001000100001000000011100
10100100000010110010001000101000000001011000000001001101011000000100010101001101110010001010000000100
00000000011110011000000000000000001000010000000000001100000110001100100100000000000000010000110010000
00010110001000000100100000110011001001000000011010100100000000010000000011000000000010001010001101011
01100000001001010010000011010000001000010110000010100100010110100001100110010000000000100100010001001
00111001000000111110100000010000000011000100100010010001100110001000100011001101000110110000000010000
01001000001010000010010010010011011011001001010001100110001100110100000101000000101100101011110010011
00010010101100001001010000001100010101101001001010100001001000001100111000000001000000100010110000001
10110000000011000010000101000101100001000100000000101000000000000101000010100000101010001100001010001
00110000001000010000100000001000000100100111001000100010100000100010000001000000010110010001000100100
00110010111001000000000011101100010000110001101001010101010110101100010000000111010011001000001000100
01000101000100100100000100001000001010010000010101010101001010100100110010111100100000100001000101100
00100011100101001101100000110001000010000000101101100010001000110000000000100001000101000000000111001
00000010000110110000000001000000100010100000000100000001001000000101010000001010011001000000010000001
00100000100110000000011110000010100010000000001100000111000010001001000000001010100010111000110100001
10100110001000011000100010001010011000010100010100010010101000000100011110100000001010010000000100000
00000000010000000101011100000101000001001001100010000100110100000101100110010001000001100010011010000
00001000000000000011000000010000000100000000000111010010100001010000010000001010000100000100000011000
01011010000001000000101001100011010011100110000000110100000000000100000110010110000010011101000100010
00000001010100010100000010100001000000000001001000100110000111000110000101000101100001000110100100000
10110010001000001001001001011010000000000000010011010010000010000100000111101000111001100101000000001
10101010010111001000001000111000010101100001011000010000010100000000111000000101001101000000110000010
00001011001000000000001011100000011100000010000110100011000110100000000000110011000000100000001111000
11001000110001101001000001001010000011000011000000000000100100000000100100000010010111001110100100001
00000000000011100000001101100100000000000010101001110100010000001001010011000011011001001100000100110
00000001010000000000111010001000001010110110000110000110100100000000000100000000011010010100011011100
11000011001000000000100100001001011001010100010001001000000010010001000001110011000100001001000110001
11000111000011000100010011101001101000000000000110100001000101000010110000100000011000101000000111100
01001000000001100010000001110101001001110100101001001100010000001101000000111100101011111001000000000
00010001010001100101110000010000010100000000110010001010100011010110000010101101101000010000001010010
00101101100001000000000000001111010111001000010101010010101110101000101000000111011011101000010110001
00001100010101000110010001001001010000010111001101101101010001100000010010000010000000000011000000001
00101000100000000000001100000010000001110100100001010000000100010001000000000000000001100000000000100
00010001000101000100100101001100000001100000100010000000001111000011000111000010101010010010010101001
10101000000001001000000010001000010000000100100100011010000001010110111001000010100100010110100000010
00011000110000100000001000010100110000000010110010000100010000100110000001000001000011110011000000101
10100101000000101010010001000011010100011011000000001000000000011100110000010010010000000101000000000
00001100000000000010110100000000100101000100001000010001000000000100100101000010100001100000000000000
11010010000000000000110000011011010100100000100000110010100000011010000001000110001100001100111010010
00000000110010001000000001010100000000100100101000000010111100000000110010000011001000100010010000010
10000001100101000100000110010000000010010110001111110000100000001000001010000000001001011000001100110
10100010100011001000001001011000000000001010101100000101010000011000000101100000100000110000000010100
00010000000001010000101001000011000011010010010100011110000000110010000011100101001000000000000100000
10010110000011110000010101010001000001010001101101100011101101001100010000100010100010000001000010000
00100010000110100001110011000100000000010110000011001000100101010000000001001000101110100000000011101
10000000000000000010000000010100000000001001001011001000001100101000000001001010001111100111010000110
00101001000100011101000000011000001001000000001111100010000000000001100000001000000000110010010010000
01001001010000001011111101001101000010001110000000001000000110011001010100100100000000000010000101000
00000100110000010010010010100001011000111000111000100100000000000000100001100010000100000000000001100
01000100001001110001000010011100010000001001001110110101000000001101001000000001000001000100000110000
00110110100101000100001101001011010000110010001000001101000010001000100010100010100100010000100011110
10010001010011010100100010000101000100011000000101100000000111011000010010000100011000000011001101000
01000000000011110100000011010101011110100000100100000000011101000000010001001000000100010000100000000
00111000000000001000110000000010110001000011111100100010000000100001000010100101000010000000000000000
00001000100100001010110011101100001000110000000001000001001111100001000000000010111001001110000001000
00110010100001000001100010011001001001011000001110000100101101011100011001100000000111100000000110000
01000010100100100000110000010000110010101010010000100010100011000001010000000100100000000000000110000
00110001001111001010000010110110111000000111000000000001100000000000111100010000010111000110100000010
00010101010001010010010100000100100000000100000000001000000101001010000101001101010001000110110100110
00100101010000010001100000000011000011000001000011110100111001011100000000110100010000001010101110000
01010000000101000000001000111110001011011111000100100100010111110101010010010000011000000100000000000
10000101101000100001111010000100101011000000010001001001000000000010100100000101001000100000001001001
00000101110000000011010110101010000000000000000000101000100110100000000100100110100100101100000000000
00011000010110100011000001001001110000001101100101110100000000000001000010010010000001000001000000000
00001010010000000000000001010101000000101001001110010000000000100011000011100100010011001101010100000
10001010100100001010000100100011001000100001000000100000000000000001010101001000100001000011000100000
10100000001110100000011100000000000100101011010110000001000101001000000100010010101000010001000010010
00010000000000001010000000010011000000000100110001000001001000010001000001010001000001001101111101000
10000001001001010000001010101000001000001000000110100010010010000111010011000001010100000100011001111
00000000000000101000000000010100101010100000000000000100001010010001010010011100000001000100010000100
00000000000011100001100100111001000001010001100100111001000000000000001011000100011010010000000101001
01010000000010010101011000000001010100001011000000100000000000000000010011010010000100000110010010000
01100100110001000000010000100101101000000001000000000001010110000001001010001000000000100001000001000
10000111111001100000000000000000100100000000111000010000010001000001001101000010010100010011000001010
01000010000000101000000010100001000010000010010000100010001100000010000000101000001000010001000100000
