00001101001110001101000010000001010000100100100111001000000101100010010011100000110100110001000000001
00010011000010000000100010000001000001100000000000000001000000001000010000010001001000000000001000000
00110000000000001010101101100010000000001100000000001100101101100100000011110000001010000010100000000
01000011000011100011010010010001101010100100100100010100010011001100100000010110000000101001000010101
10010101000000000100000010010101010110000010100100001010010001000010001100010000000000000010111100100
10010000001001110100011000100100101000100010001010101100100101000001000000000011000000100110000000100
00000001110001000010010001010000010000101001100100101000000010000000001100000000110001001010101110111
10000100010100000010010000100000100000000001001001101100000000011001011001101000001000001001000000011
00000000001000000100101000001100010100001100011011101001000101000000000000100000010000010010100010000
00000010100010000000001000010100001100010010100100000010001000010100010000010010100000100001001000001
11000100010101100100100100101000101100100101000100000100000001110000000000101000010100000100011000010
00100111000000000000101000000010000000010011100010100101000001000000001000100000000101000000000010000
01000000000000100001000001100001011000000000011100011011101000000111000110000100000010000110001000000
01010011000000000101001010001011000010100100000001000010010101010101001100100100000101000101101001101
01000110110001110010110101100000000001000010000011011111010100100001010110000000111000101010000001000
10100000001000100100000110100001000101011101000000000000010000000001000010110010001000000101110110001
01000001000000000010000000000100101100100010001000000001000100010001000110100000000000001001000010000
00000100011000001000100000000011000100010000101001001000100000000010010101000000101000101000000110100
00010101000000000000000000000010101101000101001010110001010011001000100001001000000000000000110010100
10011000010011000000101000011000101010000000001100100101001000110001010101010000001010001011001010111
11100000010110000000100110110000010000010111000000101100010001001000001001010000000000001000101010100
00000010000100010100100110010010000110100001110100011000000010011011010011000011001100010001001100001
10000001100101001110111011101001001000010100000001000110001011000000000010010000110010000001010100000
01000101000000100001010000000011010011000000010010000011000101000100100000010110010100000000100011010
01100011001101101001101010010001110001000111011110010001010000000010001100001000010010010001001100010
10101000100010000000001000010000000000010101001000001001010100000001010010000010100100000011000001000
00000000100101001101100010001100011000101001101100000000001010100000001010010100010010000000111000000
01100000000000101001100000000000010001010101010111000110000110001010000100100010001111010010000001011
01001001000000101010010011110000110100000001000010000101000010001101001000011000000000000000000100100
00100100110100010100000010001000000000101010010000000000001100011010011000011111010000000000000010110
00010000110000101100001101101000010111100010010000100110100000100101000111000000101000001000000000000
00101111100000110110100000100100100100010011010100010001010010101101010000010011000000000100000001000
00101001010001010000100000000010110000001010000000110000010000000010000110000011100000000000001110010
00011011010010001000000100000000010001000100011000010011010100000000001000000110010000000000000000000
00100000100010001010000001001011001010110100011110010000011010001000000001001000000000101010000010000
00100000001000000101001011011010000001000110000011001011100001010001100010000010101101100000011000110
00010001110000101010010000001001011001001000100000000110010100000010010000101100000000100101000000100
00011001101100001010101101001110000010100000110000001000000000000001000001101011000001000001001100011
00100110000010010100010101010000000110011010010000100101001010101010101000110001010000100100000001001
10010101100001110011011010101001110001100000000010110000100000011010100011000000000000001001011000100
10000100001010001011110110100100000100010000000001100000000110000010001100000000000001100000011011010
00010000101111000100100000101000100011010101001000000110010001110100010000110000100000111000000000100
01011100010000011010000000010110001001000001001010110010000000100010011000110010111100011000010000010
00010000101110001100000100100001100100100000010001101001001111100000001000110000000110000010000010000
00000000100000000000000001011010000010000100010000010000100100000001001000010001000000100011000000001
00011110000000101000001101000100100010001001100000110000000000010101110001101011100100000110000000010
10010101110101001010001100110100001010010001000001000100110010000010010000001000011110011001000011101
11000010000000001010001010010000000000010000101001011000001100011101011000110010010011010110111000001
00000010100000101100101101110001011000001010000011000111101000010101000001100110010000011000010000100
01010010000010100101000010100010000101000101010111000010101010010110011110001001000100101001000010100
00101100000000101000100000000101001011001100001000110010100000100000011000000111100000101100100010001
01000010010101101000010100001011100101000000100011000111010110000000000110111000100000000101010000000
00011000000110010100010000000000001001001000011000010100010000010010010000001101000000010001101101000
00000010100000100001001100000010000101001010000010001000111010100010001011111101010001000101100000011
11001001001001010000010000110100110010001011000001001100000001001001000000100100110000010010111000011
00000001000101001010010001011001011110000000000010100110100000010001010100100001010011010001001000000
00000000101001000101001100000100100010000100000011010101000000000010000100000110001010000001001000000
00101101011010101011000110011101100101001000000000101000010110001011000000101000110001000001000001000
11000001010100010001000100100011000100010000011010000001000010000001111000100111000100110000000001000
00101000110011000010010110010101100110000100100110100000100000001000000100100100001000001011011001000
11010000100010011010010000010100000010001010010000100110000000100001110001000010100000010101000011001
01000000001000000101010000011111100010011000101001100000000000100100000000000010001111011010001010000
01110001101000000101001011100000001001010110000001001000000000001000100010001101000001010000000000001
00000010001100001010010010000000100000000000010000100100101000001010101000000100100000010010010000000
11010100001101010010000000010010010000000000001100010100011000000100011000001101000000011110000000000
00100010011011100100110000100010001111000000011001000101100001010010101000001001000000101000010100100
00001001010010010100000011110001010010001000000001100000000000101101010000001001101101010001101000110
00000010100010010000000110010001010001000010010010100000001000000111000000010000000010010110010101001
00000110001000000110001000001100100000000001101011101100100000001000110011001001000010010100000010000
00000000100000100000000000000000000010010010010000001100101000100000000000000000010100010000000001000
00001000100010001001111001011100000000000001000000001000110000100100001011001000000101100111101000111
00000011100100010000100000000000000000110010010110000100000001010000110001100010010000000011011000100
00000000011100000000100000011111110001001000010011010000001010100000000000110010100101100000100000000
00000101001010001001000000100000010010010000001100001000000110000000100001010101000001000000000000110
00100001001000000000000000100000100100010000100010100000010010100010011001010010000111011010011000000
01000011110001010010000100100100100011100000000010000001101000000011000000001001000010111001011010011
10000010011001100100001011100000000100000100010101011010010000010000011001000001000100000011100001010
10000000000001000010100100000010100001000110001101010001010110010001100110010010000010100000000001010
11100100011000000010000000010101000110010000000010010000110010000010011001000000000110000000000101001
00010001001011000110011011000000100111110100001001000000001010000000000110100110011110000000011100010
10001001001100000000110010000101000001000100000100011010110101010010100100000100000000000110100000011
01000100000001010101000010010111010000010011001011001100001001010010001000110000000000010100110011000
00000011000110100010100000000000001000000000000000011001000000011001011000101010011001011100010000001
00001011100010000000100000000001011001000010000010110000000010100000100100001110100001000010101011100
00000000000001110001010000101100001100000110000001010010000001000111110010101010010000001110001010100
00010110110010001000100001001000010000111010001001101001001111000011001101000010101011000000001000011
00001100001001000100000001010101010100000111100000100011000010001110000010000000000101000001110110010
11000001001101010110010000110001000010011000100000001001001000100000000011001011000001010100001101110
10110001010100001000010010100101000000100000000000001100100001000110110010110110000001010000000100100
00001001100100001001010010000011010001000110000001000010011000000101000010010000010010010001001010010
00000010011001000010001100011000010000001001010000100000010011101000100110011101000110000000100100000
10100010101101011101000010000100100000010010000000010001110100001000101001100000110100000000100101000
00000000100000011010110000011010101000010111011010000010100001000010000011000000001011000100000001000
10000110000100000101100000001110010111000000100001000100001100111000001000010110001101010101101001000
10000000001001001100101100000000000000001100000110000000001001010001000001001010000010000100000010000
00000011111001010010100100011100000001011000000001001001001000000000001011000000011000000011010000010
00010000001000100110010001000010000000000000000011010000010101000100000010010111000100100100001010011
01000011000000000000000010010000001000100000000001000000001000011000001100000101001101010000000000010
01000100001000001000001000100111101011000000001000001010000000010000100110101001000110101000001011000
10001001000110000101001010111001000000000001001110111010000100010000000101010010010000100000110000000
10001000000101010100001001000000110000101110100001000110100000101001001000000100100000010000101000000
