00000001000100000001010000100000100010100010011001010001100011110000001000010010010000100110100100010
00000010001000000000001100100100000010010010000110101110011000000100000100010010101010101010000000010
10111000010100000000000011001011100011000111000000100010001111111000110000011010000001001000100000010
00000001100010010000100101100000100000000001000000001001100001001100110010010110101001000100010111010
00000101000000101000100000101101111010100011111000001101000000000001010000100000010000001000000100010
10100001010000010100101110011000000010001100000100001000000001001000001011010011111000000000000101000
10000010001000010100001000001110010110000011100000010011001001100010100001011111001111000100011000010
01001001000100001100101001110000000001000001110000011001100010011000010000101000001000100100000000001
00111010000010000010001000010010101011000000001000100001100001100000000000000000010001000111010000001
01000011110001010010000100000010011010100110010011000010110000000010000101000000000000100101011011001
10001010000001010110001110000000000011010001100010100001000000100010110000101100110011101000100000100
00000010010001100000111000010100000000101010010010001001000001000101000100010111010000001011110011000
01010111000000010000100111000000001111000101000011100100010101000011001000000100010000000000001000000
11010100100000000001000010111010000010100010001101001100000110001101000010111110101000010110100011101
00100100110000011100000010101010000011001010100010011010000010110000001110000000000000100000100000000
01100001001111000001001000010000100011000000100011010100100010000110010110000001110011000100000100110
00111100010010011000101000000100011110100100000010100100000110111000110100110100000000001110001100101
10000010001010100000011101010100000000100010000110001000011001010110000010000001011010100011000110000
00010001100100010101000110001011001000110100000000000001000000110101001100100000100000100000000000000
00100100001101101000000100000010101111011001001000000101001000100010000010010000100011001011100100100
01110100000010010010000100101001010101011011001001100100000001000001101100010001000001000000000010000
01010000010010010000000011001000101010000100010001001111001001000000010000100100000011000110010010110
01011001110101000010110010100101011000100000010001000011101000010101010101000000100100001100100001101
00010101000101000100100000100000000001000100000000100000000010000111000110000000000010000000000000010
10100001001010000101010100000000100100000001010100001110110101010000101010000011010010110100111100010
10111110000001000001010001111001100100100100101100010110001000011000010011000000000000000001110000100
01000000010001000000111000110011000011010100000011011000010110100100100101101000000111001010010000100
00000000110010000000001000010000001011001000010000100010000000000001000101000010000000000100010000011
11100001010000001100000001001100001111010010000100010000010010100101111000101000000001000001100000110
00010101000001011010000000010001010101011000000101100001000000000010000110010111000100001010000001010
01000000101000010000000011011000010100000000000101001100000110010000000000000000011100101000000001010
00001000000000000010000111000100011000001100101000011001011000010100000110010000010000110110101110100
00001000000010010000100000001101010111100011100100001000101000001101100101001100010001000000000010000
00000000100010001001000100001001000100100101000101010000100101110101000011001011001000000100000000100
10000000101101000100100101010010000100000010011000000000010010000000010101010100110000000011100000000
01011000100001000000100000000000010010001000100011100000100001000000101011100010001001100010000010010
10000000011010110000001010001000100100000010000010100100100010000001100000001001000100000011100000010
01100100000001000100001010000011101000001001110000010001000001000001011111000001000101000000010000000
10000000001001110011000011001001110001010100001010011000100001001001000011000000100010001010111001001
10101001000010000100000011001000000010001000011000110001100110101001010011000001001101010000000000111
00010001101100011000000101000010110100001101001011010000011000111011000101001010010010110100110000110
00011100001001001100000010001011100011101100000110000000000010101101000010100001100101000100010111000
00001000100010000110101000100000000010100000000001000000100010010000011001010100000010000000110000000
00010111100000000000111011000010001000000000001110100111000001001001001100101010100110110000010000000
10010001010101010100000000001000010000101000000001001000100010101101000000110100000100000011000101100
01000000110001000000000100000101001000110001001000000000110101001011001100001000100000110000000000011
10000000010000010100011001001100000010101001000111110010001010001100000000101011000101100000011110000
01110010100000000000100101000010010100101010001000010010110011010000010110100000001010000010000001110
00001000000000101000011101100001001000000100110100001001001100000011000100000110000100000100111010011
10011000000000000111000110100100000001000110010011111010100000000000001110000011100001100000000100100
00101110100000000010010000001010111100000100000000000101000010110000101000010001111010110101000011000
00010000000111000100110000000110010000000100001100110000010100000111100000100100000000000000001001000
10001001001110101010000000000100100010001000010100110010000010010000001011000000000001011100011000000
01000000000000100000000001000101100000000000000010100000001000010010010000100000000000000000000011000
01000000110100000101000010010110000110000001000000000000010000000000000001101001010110001000110000000
01000010000100100000000000101010000000001010001000111110011000100011100001011010000011010010111000010
00111001010001001100010000000000100000000000000111100010010000010010010010000000100000000100001000000
00000100100101000000001011000000000001000000000101000011000111001100001000010001011110110000011011111
00010010000000000000000000100000100000100111101101100010110001001000101100100100100110110001000100000
01011011000101010001000011100110000000000000010000011000001000000011010000000000010000001010011000000
01000011110111000000000000000000000111010100000000100000000001000000110101000001101001101100000110000
00000100000101000100000000101001000000101011100000010000100000100000001010010000010010001010000001000
00100011110000101000000000000111000000010010100101000001001000101010011001000100010001110000101000100
00011001101110000001000001000101000111011001100000010000010001100111001000000101001101101000100000011
00000111010001010000011000000010000100010010010010000000001100010000000001100000101000010011100000100
00011001001010010010111000000000000001011000000000100010000100010000100011001000000010000101000111100
01000110000100000000000010110100100011000110000011011000000100001110001000100100000001100101000111001
10000011010000001011000001001010000010000001001000000010000100111000100000110100010110000000000000000
10100000010011101100111000110000010110010010000011010110110101100101100000100000000011011000010101100
01000101001101001010000011100010000000000010000000100000000010000111000010000000000010010011000000111
00000110000000010001011000000010010110101101001010000010101000100000101000011011010000001000000000011
00000100100000100000110000000010000001100001000010010110110100110000000000101001000000100001000001000
00110101110000110111110001100110100000101000000011000100011000000010101111100000111100100000001001100
01000000000000001000000000001100001001000001100000000101000000101001010000101011100111000100100001000
01100101010001010010000100100010000001000110001101001100000100100000000000100001000101000000000000101
10000001011000101001000000010100100011000000101111010100100010000000011100000001000001110010000100000
10000100100010000000011011100010010000100110000000101001100011011001001100100000010001100110000000100
00011001010001010111100100001111000000000010000011010010000000000010000010100100101001000010000100000
10101001001001010000010011000000100100101001010100000001000100011100001000100110000000100100011000010
00000111010010110001010101000110000000000001100010000011000000000000101100000001100011000010010000000
11000010110100000011010100100000010000100100100000010100000000001100011010100001001100010000010001000
00101100010100010010001010000011101010000000100000000000110001000101000101000101001000001000010000101
10000110100010100011110000100110001010010001000010000101000100001001010110001101110100000000100100000
10100010011100000010000011010001010000000011000010110001011100001110010001000000000001000100110100010
01101110000100001100110100000010100000000000000000000011010000000001001010010100011010000000001000000
00001000001110000111010000000100100110000000000000001001000110001000100000110000000100111010000000000
01000000010011000001101100000011011010000100011000010110011001000000100101011010000011000010101100100
00000000000000001010000100001100000010100010000011010001101000100110001000000010000000001000110110100
11001000000111011000110100000010110100000000011000000100010100100000101010101100110111001011000101100
10000001000100100000000100100010101110100001000010111010110110100001100001010001000010000000000011001
01111000011000011011000110000000010001010010110000000100000001100010000001101000100110000100100100000
00001000001010000101000101101000011011000100100011000001001000010100011000011100000000010000000000011
00010000010010101000000000010101000000010000010001000001000000000000100010000000000100000000011110100
00001100110001010001000000001000110010000000101101000111000100101101010010110010001001100001001100100
00001000110000010000000000011010101000000001110110001000011100011001011110110101000000100010001100010
00000101010001001111000010000000000100000000000000100000101100000101000010101000010000010000101001100
00000101000110010010001100010000000100000000011100100000000010001110100000000010010000010011000100100
00000100001010000010001000101000001100000000000010100001000011000001100011010110010101100011001000010
00001010010100000000101000001010101000001101000011010000100000000001101000000000000011000001000000001
00001000000000000100001000010000100001111011000100000000000100010100001001101100001000000011000100000
00001001101001000101110100011011010110001000000100010100010000000100101010100011011000000100010001000
