10001100010111000000100000110010000100000000100010000100000110110000010001000111011001001000000000010
10001100000000101010010011000100001000010000100000011010001010000010010010001000100110000000000001010
10001000000000000000010001010011010001000001010100001001000000011000110001101010000110000100111000010
00010111010000110000110100011110101000010110010100110000001000001000110010010011001000010001100010010
00000001011000010001001000010010011000000001000001000000000000101010100100000000000010000001111010000
00000100001011101000001000001000000100001011000000100001000100100000110000010000011000110011010100101
00000000010010010000100100100100010000000000001010001111000000100000000101100011000011011010000000100
00000000000010001000001000100011001110001101000010010011000110010000001001010000010000000001000000000
01100100100110110010010001001001010010000001010001100011111010100001011000001001110100000100011000001
00100000000001001111010010000100001100000000010000001000000000000000001001010000100000011010000010010
00011000000100000000000000000001010110100001011111000100001000010010000100000101000000001100001010001
00000001010010100110000111000000010100100001100101100010110111110011010100110100000001100110001110001
01000010000011010010101010010001010000000100000000000100001000000010000101010011111001011100000011000
00100000100000100000000011110010010010000000000011011000100010000110110010000010100010101000000011011
01000011001100100101000101110000011011100100000100010000000110010000101010010010001001100110000101010
10100000101000010000100000010101000111001001011100000001100001000000110001011000101011001110000001000
01100011000000010110000101001100011000110001001010010100010000000101100100000101000001000000001000111
10100001010011000001000111000001010110000100110100011100001000000000000010000000001000010010001000000
10111000101000000000011000000011100101000110000101100000110000100101001110100000011000000000000101010
10000100100001001100000000100000001000100100010001000100001000001100101001000010000000000101000100100
01000001000000010010000000001000000101000000001011011001100000100000100010101000010000100000010100100
00000000001011000100000000011010011111110010000010000001001001000000001100101000010100000010110100001
01010000000000001000000001010000011000011011000001000111000001010010101001100100001100100000000000011
00001001000100001000010100000010000000000011000000010010000001101000000001010011000000000000000001000
00010100001010001010010000100100001110011010000100000010101010011101110001101000000010101110000000110
00000110001010101000101000001101000001000010010010000100000001100101011000101011000010001010100000000
00000001000110110001001000010000001010010110011000000101010000100100010001001110000100010010110000000
00010010000000000000000010000010101001101000000001000101000100000000100010100000010000100001100000001
00000110000011000111111010000101101110010010001000000100000000011100000000101010001100010101110010100
00001000000000001000100010100100010011001110100110000000000000000100000001010100100000010001000100000
10001110110010000101001111000100011010000010100010011001010100101010001000110100000100100000100001100
00001100111100001000000000010000000010000000000100000111010000010011001110101001000000001000000011000
11001001000100100000000000100001010001100011000001000101000000100100000010101000011010000101000000110
01000001010000101010001000010000010000010101001001000001010101000000000010000100000011101000000000011
11001000010010001100000000011000110101011000000010000001100010000000010000110100100001011010000111000
00010101100011011000001100000101010010110100100010000001110000000010001110001001000000010110100000000
00000110010100001000111000010001001001000001101001001000000100011010100100000000011000001000100000100
00010010100101011010100101010100000001110001000000111100111001000011100000000011101001010100000101000
01100010110011010110001000000000010101000010000010010010001010000000010010000100000000000100000000000
11110100000100011010100001001000101001000001100100101000000100000000000010001000100011111100010110000
00000001000100010000000100010110101000000100000001101100000100010000010000110010100000110111001010000
10111010010011100000100110010100110011000000110000010010101101010100000000000000000100000010110000001
00111010000100010010000101001000001010000011001000000000000100000101001011110000000001000000010001001
11101011100011100000000000101000010100000100100011101110001000001010001000000101000011000011000010100
01001110010100110010000110000100100100001100000010000001010010000011001001000110001001101010110000111
10000000000000010000010000000000010011110000101110001100011100000001000000010000110000100001000001000
00000000011100000110001010011101111000001001101101010111000010001100110001000000111000000010000100010
00010100001100010010000101001110000100000100000010010000000010000001100000010000000000000000010010000
01010110000010000100100000011000011000001001100001100000001010011000000001000001000010000000010100010
00000000100000110010010000000000101000001000011000001100001000000000010100000010100000011110101101000
00111000100011101000110101000000101000010000010100001101011001000000000110001000001001010001010000100
00100110001010101000100001000000101000100110000010000000010000010000100100000110000000100001010000100
00110100001100100101000001000100100110110001100110110100110000100110001100000110000001010101100000000
00001110000000001011001100000011100001001011001010001110011111010000000000000001110000101000000101101
00111001111001000010000000010010100001000101101011000000100000101010110000000100000000111011000001000
00110000000000100011010010000000010011010000001101000000011100010111000100010000001000000000010111000
00011101000110010010001000101100001000101000001101000001000011001101000000000001001111000000010010000
00110000000000000111000011100110000000000001100000000001000000010000001010000001001001011000000000100
00001001010111010100000000010100100000011011001100010011000000010011100000110000000000000000000000011
01110001010001010110010100110001000010010101111011101001000101000010000000010000000011111010010000000
00110000100100001010001000110000010010001001001001000100110100100000111011000011110010100110001000000
10100000000101000011101110010000110100110001100000001100000101010101001000101110000110100010000001010
00100100001101100010001100011011001010100100101000010000000000001001100000010111011000001100110000000
01000000001000000000100100100000000000100000000100000101001100100101101001110000000000000111000101110
01001011001101000000000001000001010010010000000000100001100001001101011010000100100010110000110010011
10010010101000110000000100100000000001011000110100011100101001010110010010101000110000011001001000010
01000011010101000001010000000001001000000101010010000100001010110100001010000001011111000010001100010
10000000010011010010111010000000001000010000000100001000101001000000110001001100010100001000000011001
00001111011100000100000000100100011010100000000101010000000001010000011100101000010110010000001001000
01000011000000010011001000000100000000010110000000000000000100010000100010100010001000000000001010001
01011000000000001110011001011010001100000100010100000010101000000011000010000000010010100110000000111
00000111101000000000001010000000011010001000100010001001010101010001100100001101001110000110001000110
00100101100001101001100001000000000000010000010000010100001000000010001000000100000010000100100001100
11000100100110100000000100000110110000000110110000011001010010000100000001000000001011000100001000000
01011000000011001100001100010000000010000010001001001010100011000000010000001000101000000110000000101
01000001001100010001110000110100000000000010010100010000010100001000000001000101000100110100001010001
11000000001000010100001010000100000000000110001001001101000000010001001100111010001001010100001001100
00001100111000001100011100000111101001000000101000101001000000000000010001000110110000000000010100000
10011100101001000100110100010001001101000000011001000010100010010010110100110001110101100000011000001
10100000001000000100010010010100000001000000000100010101000011010001111000000001000111000000010000000
10001010000011000000011000000001001000001000000000101010000010110000000000100111001001001101010100101
01100000010001000000001000010100000110010100100011001010000101000110110000110010101000110110101100100
11110100100000000010000100010000000000010101110001010100011000000100001111011100000011100000101000000
00000001010100100110010001000100111000001110001100110010001000001000001001100000001100000000000011000
10100010100000010011000100000100010000110001010000010000000001011000010100001010000100000000000010100
00010110011000010111111001101010100000000101001000001001100010101010010000000000000000110000100110110
00000000010001000000001010011100101010000010000000000001000111000110000101001010100001001110010000010
00101000000100100011100000100110100000100010011100011110000000110011000001100100100110000001000100000
00000100000010001010001000001000000100110100100101000000010001000000011000001000101100000000010010000
11001110010000010000001011000000010011000001110000100000011000010000100100100110001010100000000000100
10000001000000100001000101010100010000001000000100000001001101000000000000101000000010000001000000001
00000111010000001000000000101010000100001000110100001110100101010010111100101100100000000100011011001
00001110010111001000001101000110000000000010000000000101000011100101010110101011011001000000010010010
00011000000010000010000111001000100100101001000110001011001000011000001000000000100000100100011011011
00000000010000010000100000010101101010100000010100010010101000010000100001100010111110000010010100000
10110001101000110101000000110100010110010000100000100101001000101000010000100000000101101101001001100
10011000000110000001000000000000100000001000101110000110000110000010001010000100001001000100101010010
00010001011000000000000010100011001100000010000000000010000100000001101001110000110000100010010100010
00000101100010000001001000001001010000010100010100110000000010000101010110000010010001000010000000001
00000100001011100000000000000001000001001010000000000000001000010000100001110010000010100010000000000
00100000110100011110011010100000001000010100001000000100110111110001000000001000000001000001000000000
