00100101011001010000100001000100100001100000110010100000000100011000000000110010001010011001100011001
01010010100010100010010010010000010100100010000000010101000101001000100000010111001000000000111001000
10001000000000001011001101001100001000000010000000001000000100010001011001100100111000010101010000110
00000000011011000000100001000000001000010000101000101000010000010000000000010001000000000001011100010
10000110100000000100100000110001011000010100001010001000000010010111000010000110010000001010100101000
00000100100110001001001000100100000000010010001000111000000110000000100011101000001000100100001100000
10000001010000000001000110000000000100101000000100100001000100101000000010000100110010000010000100000
00001100001010010100000100000110001000000010110111000001010000001010010000100010000000000111000010001
10000111001101010000000100011001000000000100111011011100011000100010110110001000001000010001000100110
10000110100010011001000111000000011010101100100000101000110101010101001000000110001111011000001001110
11011100001000100001000010000101001100000010101001010000000100001100010000000010110000000011010100000
01101011011011011001001000011010101000100110101000010000100100100000000101100000010011000100000000000
00000110001100011000000000000001000101000010001011000000001011111000100001001001000000000101101110110
01101001000110100100111011010100000101010000001110000001100110010010001001100001000000010110011010010
10101001000010000010000010100010100101000001000000101000101010111000010010100100001111010000000010000
00100101011100100000010001011100000000100101000101100000100000001000000100101001000000100000100111000
01110100100010101010000000010000000000001001001000000110000100001000110100101000110000010100010001000
00000111001001010110100000110110001010101101100010000000110000100100010100100000000010001000110000000
00011000000100001101000010110010011000001000111000101000010000000100010101000000010000100010000010001
00000000110001001100010010100010010100101101001011001100010000001110011101111010000011001001100011010
00001001110001001000110100000000100000000010001011000001000010010001000010101000000001000100000000000
01001000011110001100000000000100110000101101100001000010100000000001101000100100000000111010010100000
00000000000100010000000101100100000000001011010100000010000010000100000001010101010001100000000000000
00000010000000000001010001010001101101100000000100000000101110001000000100001101101000111111000100101
01101110000001100010001100000111000000111011110111000111001100101000000000001110010010100000010010000
01010000100111000110001001000010101100000110000100010001110110010100000000000010100010100001000100010
01111001001001010001000001100101010000111001010111110000000110000010010000010000100000011001000000010
00000000000110000110000011000010111101100000000010001000001000010000100101110001001000010001001000100
01010100000011000000001000000000001010100000000101010000001001001001101000100101001100000101000010100
00000000000110001000000001000010000001011101000010000110000001100110010011001010100001000001100001100
00101000000101000010001001101010010101000011101001000000101100110000101000010110100000110111000111011
10000000100001000110010100100100100000000010010000000101000100000010000000100010011001000111110010000
00001000010101100011101000001000100110100000101010000001001000000000001010000000101000000100010010010
11100000000000011100100000010000001100001010100110100101010000100100010000001011000010000001000011000
00001001000110101010001111000100100000001000100111001001010000000101000000001000010010001010000000010
01000000010000001010000000110111101000000010011001010101101001011000000100000100000110000000001011111
00000100000000100110011001100100110100101010100101000000011100000000000110001000000001010000010000000
01001100000011010101000100000000100000000000001101100010100000011011110001001000000101111001110000000
01000110001100000100100110000100100001111101000001010000100010000101001100010001101001101100110001000
01110010011000000111101000001010110000000000101010000001011000101000010000100001000001000000110011100
11010000100101000000101001100001000001000000001010010010001100000000100100100000100010010011000000000
11000000101100000000010100000011110101000000011000100100000011001101011110011100100001010100010000000
01000001010100010011010000111000000000000000101000100000001101110100010000100001100100001100110100111
01000101110100011000000100010101001100000010000100101100000000101000010100001010010000000001000000010
00000000000000100000001101001010000100010000110011110011000000101001011000010011101101100111000010001
00010000011000001010110010010101000110100000010010010000101011001000100101110110010000100110010000010
00000000001000001000000100100001000011010001000100001000000101000001010111010000001001011100111010010
11010000101010011000010010100001010010100000100100010100001010001000001010000110000000000100100001000
10100000100001010011100010100000001000001000011101000101001000100000101000000001110001000101000001100
00001001010101000000100101000000000100110100001011000100111011001000101001000100100010100001001000000
10010100001111000000000000100010000100000010001010010000010010000010000010000011000000001011000101001
00000000000001010100001101100000100010000000110100001101000001001001000000000001010001000011010000010
01000100111101001100100101000011100000010010000000100100100010000100011011000100100011000011001101000
10000000000101001100101101100000100001010110001000000100001010000000100000001011000011000001000100110
00000110101100111001000001100000000011101100100011001000010001000000111001010010000010100100000000111
00000010000000110011000010000001010000010010000000000010011000000001010000100100001010000011010010001
00000010101000011000000000011001000000001101100010000000100011010000000100111100100100001001000101100
10110000100100100001001000010010110010001010100001100011000111000100110010100011001000100110101000100
00001111001000000000000001101101100100101010110101011110001100100101100000010001000000100001010011000
10010101000100001001001000000110000100000010101000001100001000100100011111000001000001011100111100011
00000101000010100100101000001001010100001010000100010000000000010100000001100000000010000110100000001
00010100100110000010000010000010101111000000000011010110010100010100100001101101010111101000000010000
00000000111110000000100010100000100010000000010001001001101100000010001000001100000000010101110001001
10001000010010100010000001000000100010000000110110110000011000010100000111100101001110001000010000001
00000001000000110000001100000011011000010000001001011100000000011000000010100000100010000100000001000
01100101000000000010001000001001000110000011001001001001000000100010001000000000000000101010000110001
01100000000000010101100000000010000100010110110000000100111000000010010100000010111100010100100011010
01100000010000001100101100110001001000010000101000011011001101010001000000101001100000001001101010110
10000000011000010000000000000010101100100000000011010000000101100110001100000110010011010010100001010
00000011000000010101000110000000010100001010001001001000010010000001100001001010100100110000101000010
10100001101001000100100001000000000000000011100110100000001000010000000100001001110000101010110000100
00010000101100101000000001100000110000000000100110001000001010100000000010100000010000100101001011100
00100010001000101000100100000001000100010101001001000010000000000000100001010010010010100100100100100
00000000100000001000100010001001000100010000000001100000101100010100011001100101010000100010000100000
01001000000101001100000010010100100000001110000000000110001010011101000010001000110001000110000010000
10010100001001001110101000000110100000000000000000000111010000101010010000100000001000100000101101100
00000000000000000000000110000101000000000010000010000100010000100010000000000100100010000011011100000
11000000000001011001000100001100010100100000000000010101000011000001011000001100000001010000010010010
00001000001001110000000011100000010011000000000000000010111101000111000101010011010100100000100000001
00001001001000000000000000000100001000011101000001001010010010001000000000000000001000100000000101100
00001100100000011010110110011000001000000001101010010100010001000010100000000000001100011101110100001
00001000000001110011110010101001001010000010000001001011100000100101111000000001000001000000100111000
10100100000001000001001010110000000100110000010000001100000001000100010101010010000001000010001000000
10000100100010110100000000110001000010000000101001000000010100001000100010000000100100011000010100000
01001001000001000001000000011000110100100001000110100000110000000001101100110000100000010000110100001
00010111010110101000000101110100111010000110011000000000000100010001000001011000100001000000010000000
00000000000011001011001100000100001001001010100110001100010000001000110001001000100101001011000001100
00000100000000100100001011100000001010000011001101010001000000000010000000000000100000011100100000001
01000000001010101000010010100000001011010001100010100100010001001000100100001001010000100011001110000
11000100101100000001100101000000010100011000000000001101000000110000000010101100100000000001000011000
00000011001010011010000010001000000000100010011100011010000011000010001101001010100001000011010100100
00110100000101010111001001010110100101100010011001000010100100000010110100010100000100000010010001100
01100000100000010000001110101000000001010100000110100110010000000000111011000001010010101100100001010
00000010010000000001000100101000000010100000011001000000000010000011000101111000001111010010100010010
00100111111000101000000000100000000110011100000111110000001010001001010100100000000000110000110101110
01010100100010001001001011001000010000000001101000011010100010010100011000001000100000010100000000001
00000000100111010100000000100000000000100100000011000010000010011110010001110011110100100101001000010
01000000000000001000010101010000001010000000000011001000001000010000000001100000000010000110110100011
00000010010000001001001010100001000100000100010100000000001100110000010010100100001000100100110000000
10010100110101100110000010001001000000001000110010100000100010110100010000000001010011010010010001100
01010001010000101100101010110000010001000110110000000100000100101010110000010001010010001001000100010
