00100010010001001101000011000000000001000000000110001100010101100000010001001000001001010000010010001
01010100000100000000000010100001000100010010010000010101000000111010011000001001010000001010100001000
01010101111010000100110000000010011001011101100110000000110001011000000000011000100110110101000101000
00001101101010011100000110000100000001000000001001011000000000000101110000101110000000101100000010001
01000100010010010100000000000000000100001001100101000010100010001010000011010010000000000000000011100
01000001000010001010000000111011010000100001011100100100010001000100000001100101010011000000000010010
10000100010010000100101000100001010000010010101000100100001000111000000010100001000100001110001001000
00010000101001000100100011010000001110011000010011010111101000010100001001001100010101000000011000000
00000100101000000000001000101001000101010000011000010000000010000000000000000100000001001100100100010
01000001010000010110010100011101011010000110010000110110101000001010100000001000000110100100100000100
01000001101000100100001000000110101000011000000110100100100101000000001000000001000000000000001010001
00100010000000100011001000000000001100010000000000010010000001000100000000011100001001010111000000101
01000010100000000011000111000110000000000010011110000001011100000001110101000111010111011000000000100
10101110000110101010010101111100001000010000010010010100000000000100100000001000010110100100100000010
11000100000001000000000000010111101000001011100000000000000100000100010001010100001010100111000101010
00000010101100000000000111000100010100000001000100000010010100010000000000001100000000100111000000000
11110000100110000011010000001000010001001001000010000001001011000000101000000000010010000001011000100
00100000111100011010001011010000001000000000000010001100000100001101110000100011010011100100101011000
00101101100000101110001100100001100110010110011000010010000000100100000000100000000101001011001010111
11110000010001001000000010111000000000001100001011000000000000010101101001010000100011000101001010000
00000000100000001110100101001001100000000000000000000110000001110100000000100010000100000000101011000
01010000111101100100110000010100001000000000110001000010000010100000000111110000001001000011010101000
01010000010010000100010001010010100000010000010101000010010001000111000100001010001000001101010000000
00010000101001010000000000100000011000011000101110010100000010010000001011100010001001010010000000000
01010000001000000010000110000010000000000100010011001100001110100001010001110011000110010110000000010
00000000110001100101000000000110010110100000010100011000100001011010111000010100000000000000001100010
01100100101100010101010101000011000010000010000111000100110100101001000000000010111100000000000011100
01000010010101000001001100000000100001110000010000000111000000110100000000100000001110100000001001110
00010000100001010000010000011000001000000101000001000010010110100100100000111101100000000011010010011
01001000100010000010001000100001001101000100101100010101000000000000010001000011000010100100101010001
00110000110100000011000101000100011011000100010010100110001001110001110101000111101000000010000010000
10010001001000000110001001000011010100010100100101001100000100001011001001100000010100101001001001000
01000010011010000000010010001000000000110000100000110010001000011001001100100001100100000001100011010
00101000000000001100010000000010001100010010000000000010000000000100000100100000011000001101000001001
01111000000101001000000001100010000101001101010000100101100000000000100001100000000000101010001000011
10000000101001000000010010001010010000011001000001001100011001101100000011101000100100001101000000000
00000000000000101100011011001100001000000100001100110010110010101001001110000001000111100010001000110
10000000001000000001000000000100001000000000010000000101010000110000001000010011001101001000111101101
00001001010100111100100010011011000000000100010111000100001100100000001001010101111010000101100000100
01000000011101100100000100000001010100100110000001100011001100101000001101000100010000010000000001001
01110001100000010110110001000101100100000010001000010000000010001000110000001010000101111010011001100
11000001000011001000000000000011000111011010000100110100101010010110100110000000111001101000000000110
00010000101000110011000011110000001010100111010000101001001011000000010100000000100100001000000000010
00000000000010100011100010110111100001000101011001110100010100000100000100000000000100000101000000000
11000000000001010100000010010100000100100001111111001011010010011100101000001101000000001101010101100
01000010110000001000101101000000000010110001000000000010011110001011010100100010000110011110110001010
00110000011010000000001011010000000101000001100100011100110010101000001000010001110000000010110000000
01000100110001010000000010000101110000000000110000000100000001100001001000110100101000000010001001111
00011000011001100010011001100100010101000100000110011110000010001001000010110100100001010001100000000
00000011100000000000101001010010011000000010010000000001010001100000100101000110100010001110101001000
01100110011010011000100010100000000001000001110011000001100110000111011110000101000000000000100000000
11000100000000011001000000000000110000011010101010000000011100000000001001100010101101000001011010000
01000101001001010001010001000101001110000010011000001010000001011010001000000011001000011000001001000
00001000111000000000100100001000111100000000111010000110100000110010001101101000110111000001001100000
00100010000100010110011101001010000100000100000011000001100010111100100001100001010100010000000100000
10000100001011110001101000000101001000010100000010001011101010000001000000010010101000110000000011000
01001000010000011110101110110000110001110000000001100000011010101000000001000101000001101000000110010
10101001011000110100000101000000000100000000000001000000000010100010110000001100100010000110000001100
00000100101100000101010000100000010000000001101000001000100001010000101001010010010100000010110001000
01100000010100000001000000010110100011110000000010010011110000010111101000000000011011111010000010001
00101000000000001000000000010010100000000000110010000000001001101001010000100100101000100000111000000
00001000010001000001111100000011010000000001010110001000010000011100000101100110100000010000000010100
00010000110110110010110000000000110101000100001010000001101001100000000101100001000110010110000001100
10110000000101000100100101100000001001100000110001001001011100100000101100001000100000000000000011010
01100000010110100010010010000011010100000000101101111000000100001000100100100000000111000010110110010
00011000000000000000000010000000001000100111010100001010000011101100000100110100001000010110000000010
00011000000101100100001010101010100010000001000010001010001100001000001000010100000000101000000100010
00110110001000101110101100000100100110010010000000010000010000010000000001101000011000011000000010001
00010100100000010001000000000000001100100100010100010010010100100100000101100001000000100100000101010
00000000010000000100110011001100001000010001010000000000001100010010110011000111000100001011010010011
10100000110000010001000001000000000000010101010111110010101010010001000001000000110000100111010101000
10100110000001101011010000001100100100010110000000000000010011100010100000000011000000010001010000001
01000010100000001000000110000000110010000100000110000000000010111001000001000000100101110001011000000
11100100110001000101110010000011010000001000000011000001110100100101100011001100000110000111010010010
00001110000001000000110100000001000110000000100000100000001000100100101110001000000100010001100010101
00001000011000000000000000000000001010001000000000000000011010011000000000100001000000110000010100010
10110100001000000011110000000010010000000001010101100100011000000000001010000010000100100010010000010
10100101000001000000001001000100100001000100100010000001010000000001110110111100011100001101101100000
10011010100011001000101000010001000110000010100010010000100011000000000100100100000001000010001111010
01100010010010010000010100011000000101100010001000001001000010000000000001000010001000100001010000010
11001011010110000100010000000010111000101001001000000000100000100000101000100010000000000010010100000
01010000000010001010100000100000000110110000000000010010000000110010001010100100000100001000001000000
00000001000000001000001000101010000001000000000010000100000101111000100000111000110000010000001010001
00000101001000100001100001101000010101000110011100000101000000000010001100000101001100001100100100010
00010100000000000011000001000011000010110000100000000110000001011000000100100000110001000010100011000
10000100001000000011001100011110001100001100010000000100100001000110101000000100110010000110000001101
00100000000001001000100100001001100010110010011001010000010000011010100010000001101001100100000111000
00010110000000110111000100010100010101000000010010000000101100000110100001000001000100000100011011100
00001100111000111100000100000000000000110010000110000001100100111100000000000010100100001000000000100
01100000100100100001100000000000000100001010000000001010100100001000010001000011100100100000000101010
00000110010101000010010001000011000001100000001000100110000000000000110001001100000010100001101100010
01001010100010100000100001001000000000000011111001001000101010000101001010000101001100001001001100111
01000100101010100000001010010000011100100000100110110000000101111010000100000010011010001110001100000
00000000000000100000000000100110101011010000000001100011000000000110010110000100000000101010101000110
01010010010000100110100000000000000100000000001000110100111101000001101001100011000011100000011000001
10011110011111010011101000100000000101001001100100010000010001101000000010010010001010100000000011000
10100000011000100101100000001000101100100000110100000001101011000000000001000100001100101000001000000
01100001010101100100001000010100000010000100000000101101000010110001000101010100010000110010010000001
00010100000010101000110000100000000010100010110000010110000010010100101000010000011011000001000001100
00100000001000001011000110000111000000001010000001000010010100100100110010010111010100011100000001000
00100110000000001100011000100000100000100000100001001000010101000000000000100000000011001011111100101
