01000110011010001000001001001001010000001100001100010001110000000000000110110001001010010101010011100
00101011000110000000000100010000000000010001111000000000000100100010101101000000000000100100100000010
00010000000010111001100001000000011010100010101110100000000100010001000001001000000011010001100001010
11000100000001010011000000000000110011010011001000001000000000000100111000110111000010100100100001000
01100000110000001000000001010011100010101000010010000010111000000010000010001000001100000000001001110
10100000110010000010100110000000011110010000001000010000000000010000101000101001001000110010010000010
00001010001010000101000100000101000000010001000010000101100100000010100011110010110001100100000001010
10000010000001100100111110000100000010001110011100001100000001000001000100010001010110101001001001000
01011000000000100110010011000000011110001001110100100100000100001001000000000000110101001110010100000
10000000001000111000010010100100111010101000010000010101001000000000000001011000001000010100010000001
01011000000000000010001000101000001000101000010100000010000011001000111010100001100000000010111000001
01001000000000010010110100110010100000000100001000110101100010001010000000010100001010100101001001011
00000001100010000011000100000110001000010010000100101100000110000001101010101000001010010000011000010
00011011000000111100111011010000100010000001001000010000001000001000000000000111000000101110001010100
01101000000100001110100011001100100011001100100100000001000010010100000000000110001100100111000011001
01111000101001001000000101001101011010000000011100110001010000001111000110111100001010001001000000010
10000001000010101001111100000100000000110010010010001000000111001000110100100010010100000001100100000
00011101000100101001000001001011001100000001010000001000000010000000111010011110001011011001010000001
00001001000100001000000000100000010010010010100100110000001010101000001001100010000000010001011000010
00000100100001100000011100000000011101110100100001000100110010001100101100000101001000100000001000001
00001000011100100101100010101010100000100000001001110010000000100110000000001111001000110010100100000
00001111011010000101010100000100100101011010000010010000011000110010101000001000101010000000000001000
00100000000000001001011101001000101101010111100000010000100110001010000000000000000000011000001110100
00001001011001001001000011000001000101010000001001000000010001010011010010110001111100000000110001000
00001001110000000010000011010100000000000000111000101000100101011000000000010001010000001000000010000
00100010100100100000010000000010000100010010001001010001010100000001001001000000000110110000000010000
00100001001010100100100101000100001010000100010000001000110000000000010100000000001100100000011000100
00100101000100010100000000101100010010000110000000001001001111101010110100011010010110000100011010011
10000101000000001010110010000000001100110101101100100000001001010110001000000011100010100000001000000
00010011010001000011000010000000010011000100001010010010111001000010111001010001100000000011000001000
00000000000100000001011000100110000000001101000100011100100000010001001011000101011000000011010100000
10001000000101010010010110000010011001000000000001001000100000010000000110110010000011010000010000000
00001010000100010101010110000000000110000001001000001000000010010010011101100101000000000000000010100
00001010000000110010011001000000000101000001001110010000110000100001100101000000000101000100100110000
00001100010100000010100000000001000000010100000110010010100100010000110101000101100000000010011100110
10001101100000010001000000000100000111010000000001000110100000001010000001001110010100110001110000001
00001100100010000010000001100110010011010010110101110000000000101100000000100010100011011010010110000
11010101010001010000100001100101110000000100000000000110001011010000001000000100000100011100001000010
00100110000111000101001101000011000000001001000001110001100100000101010101110111010100000010100100001
01010011010001000000000000000011010110000001010001010000101000100100110000000010100000011000000000001
00010011001110100010010000010100001000000010000100110001101011010101010010001101010000010000000001101
01010010001001101000011000000110111000100011100001000110001000101010001001100001100000010010000000000
00010001000100010000000001001101001000000010000100111010000010010001000101000010000000000001010110111
01000000110010111011001010100100001001100100100000010001001000011010011100000000010000000000011000000
00000111100000001000111110000001101100100100111000101000000000000100001100100100100000000110000000100
11110010000000001110110000000110001000101101001000101001011000110000010100011000000100010100000000110
00010000000101001000110000000001101100100000100101000000001000000010000110100010010001110011001010100
00010000000000100000010001100000001001100110101000000010011100100110001100101000000101010010101000101
00001000010110001000001110000100000110100100010000010000100100111101010100100100100000010000000011000
00010000000010110100000001010001010010001011100000000010010001010001000001100001000001100001100111001
00110100100010000001010110000001000000010000001000011100100010010000100000101000110000100100011000000
01010000010000011000110100000000010010100000100011000101000101100100000000000010110010000001000111010
10000000100000001000100011010001001010000000110000101100000000000101001000000000000000010000001110000
10001101000000000010001011010001101011101000000001000000100010110001000110011111001000000000001010010
11000100010011000110001011001000111010011101100100001010101001000010000100110001010000100000001000000
00000001000010010010010010100010010010100100000110000110010000011001100000111000011000000010000001000
10110110110000001100010010000111001001000000111000101010001100000110000010000101101000111011010100001
00000000000010011010000000000001000100001000000100001000000100100100101100000011010011100001010100000
01000000010010000110000001000110111010100110000001000100001011000000011101111000001001010000000110010
00001100010101001100001111011100100001001100000100000000101000110001000010101110110001100001000101010
01110010001101001000011000000100000000100100100010100010100000100101110110001000100000100001010010001
00110001001001000011001001010010000010011000000100000011100110011000000010000000001111000000000100001
00001010101000000010010000110100110111100000100010100101000000000100001000000101000000100010000000000
00010101001111010100001001111010000000010011100000000010101100100101000000100011110100000000000000001
00010100000011001100000000000110010100101000011001000010000000001000001001001100010000000110000011110
01001000010000000110101100000000100011010100011001010000010001000100111001001100001100101000001110100
11000010000000010100000100010110001000101010000001000100001010110100000111100110000100001001011000010
10100010000000010100000000101000000001000010000010100000100000000101000110000000001101001000000000011
01101000011101000000000100011011010010110010100001101010000010010111100011100010000000001000110010100
00110000110100000100000101100010010000000000010010010101010000110010011001010010000000100101010011000
10000000010000001010100100010000010011110001000000000001100100000010010000100001000100000100001010100
10101001011000010000100111011000000000000001010000100000010010010000001000000101100000001101101100001
00001000000000001001001011001100000011010000000100001000101010100000100111000000000001000100001000000
11010011001100100010000000000011000000000010000001100011101000000000011000010001110111110100000000010
01010011100100110010001001001010001000000000001011100000010000001000100010010000000000100001100011000
00101100100000101000001000010011010001101000000000000101100001011011010010000000001101001000000101001
00011000000010000100100100100010001100010010000010111001000100001000110001001000000010110001010000100
00100000000100010001000000000010000000011110011000000110000011010000001000010100001010000011010001101
01000011001001000000000001000000110000000001000001000010010000000011110100000101010001111000001001100
10111010010011001001010100000001001100001111000000001100100000000001000101000000010010100000011010011
10000100001000000011100000010000101111000110110100011010010011001010001000100011110010101010001000110
00101100000101000110001010011100000000001000000000000100000000011110010100000110010001001001110000000
00001010111010000001110011000001010100000000001010000111010001010001100000011000100010000000001000110
10011001100000100010010000000010000111001000000100101110000100010010000110010011100000000010100000110
01000000001000001000000000000110000001000000010000000000010000011001101000110000001001001010010000011
00001101100011000101011000001101010100100000000000101011011010000010001100100100110000000001001000000
00000000000101000000010000101000000011000011000000010100000000101010000010011101001010011101011010100
01010001110100001010100101001010110000111000000001101011100110100110000001001001010000011101010001101
11000001100000110001000010000000000101000001100001000110010000100001000001001001001011100010000000001
10010000000000101000001010001010110001100000110100000000011111000100000001000001101100000000100000100
00100110010001000011101000100000100110000000010001000001000000000000010011000100010011000010010010001
01000000000000000100100110001010111000010000001000000111001010000000100000000100001010110011000000100
01110100010101001010100001010100000100100101101001000110000000001101001000000111110010000100001010001
10001010101100000010001011000101110001010000110110000100000100001000101001000001010001010100101101000
00000001000010000101001000000111000011000000000100110100101001000000000000011101000000000011010000010
00000000000001001001010000010001000010001011001100101000101100001101010101001000101001000000110110000
00000000000010000100000000000010110100000001010100011000010000001010000000010100110100000001110101011
00000000000100001100110010000000001100010110000101001011010001010000010000000000101001010110000000010
00000000011010001100110101010101000000000100010111011000010001000010001100000000000000000000000100000
00000000100101000010010000000000101001100100010001110000001100000101110010010110010001000111000101000
00000000100000010000001110010001010000001011010000000010101000100000000101100000101000111000101010110
