00011100010010100111110110000000000000110010000010111100001000011100001000001010100010011000000001010
00000100000010001000000000000010010100100010101111000000010100000000001010001010010010010001010100101
00000111011011010111011100100101001001001000000100001000001000000100000100001001100000110100011000000
11010101000000010001000110111000010000000111000000001000001001000100000000001010000001101111001000000
00100100000000100000000000000100010100000110101000010000101001000000010100010011000100010000010000000
00110000000100111000001000000100000100100000110101001000000011000100001000000100001100000011000110000
01001010010010010101100110000011010000110100110000010100000000000010010110000100100100010000000000000
10011001110010100010101010000010101100001010010100101000001000010101011011100011000000010110000010100
01000001110110111000110100100001000001000001011000000000100000001101001001010000000000010111100100010
01000000000101010001000100000000001010100001000000011000000100001000000000100000001111110000010011011
01101010000000000000000100100100000000100000010010001100100010000101000001010000001010000000101101101
00110000001000000111010101000000001000000100000001000010110101001010011000010011000100000001100100100
10000001011000000010010101110000110000110100110001000001101000111110000111010000010000111000011001101
00000000100000000000101010101100100001100010101000010001010001000010000110001101010110111100000100000
00000010110001000011000010010010000000001101001000000001001010110100110100000000110010000010110000001
00100000010000101101000110000010000100101000110101001011101101000000010010000101000001100000010000101
11110000100101001100111000000001100010000000101010001000001100010110001000100010001010000001010001000
01001110000000100000000010011000100001000101100001001110001000001000101000000001100000000010110010100
10010100001100010011110100110111011010100000111000100000000100111000000100000001001010000000000100011
01000011000000000000000010010000001110000011100100100010010100001111100100101010000011000011100110101
10100010010000000000100100100000010101000010110001000000000000001011001011001100000110000001000001000
00011000011001110001100000000011010000010010000100010001100010111010110000011000000011000010110000001
10000001011110000010000010110101100100000000100000000000000000011000100000110100011000001001000100000
00000000100011011100100010010000010000000000010110101101010100100110011000110000101011001100100010100
00011000000011111000000110100011001010000101000010010000000001101000000000000000001100100000100001000
11010011100010000000000000010111000011000110010001100000110000010100011000000110000000010001100001100
00000000011011000011100100000001000001100000000100100011011001000101000000010110001100100101000110000
11000010010100001101000011000010000000000000101000000010100000111100010010010101000001000010100110011
10010100001010000010100000010000001011000000000001011000000000101011010011010010000000011110011000000
10010000010000100100100111100010000100000101001100011011010011100010100000000010100001000000000000100
00011000100010100001110101100001100010110000000010010100000100000001000100000001011011010000000000110
10001100010000100000000010100000000000000000100101011000100000000100001001100101011000100000011000000
10011010100000100001100000111000000000101100100100100001000111101110100110100001000000000100010101000
10001000010101100000001100000100001001001001000000010100000001001011010000000001011000101010010000111
11110100001000000000101010001000000000001110000000000001100100100011010001000010011000100000100000001
00000100000011110000000000110111010010010101010011000001000000101110100100011000001100001000011011010
00100111100000010000000110010111010100100110000100100000000000010000000000000001010001011000000000100
00100011000110000100001100000000000000000011001011000000100111000000000110001100110010000010100100111
11101000100100100011010011100000000111011101001000001110011001000101000100010110101000010000000010000
00010100000010101000001011000001101000100101000101101010100100001001111010000001011000101111001010100
10101000100001000111010001000000000111000011000000110011010000000100000010011100100000110011000100100
00001000110100100000000001001000100001101000001100000000011011000000100110001000000001010001000001000
11000010111100000110100001000001000000001000000110010000010011011001000001010000010000001010010000001
00010000000011101001000001101001100101101010100100000100000000101011000101100000100001100011001100100
01000000100001000101000101010000101000000100001000100100010101001011001011111100010000010110001101000
01000100000000100000000100000100100000001010000011100010000011010010110100000000000010000010010000000
01001000010000010100000000100000010100100000100101001100100000100000000000000001110010000000000000100
01111111011001110010000100001001000100100100100000001100110011000000001100100111000100000000000010001
10000000101001011011000100000011100000100101000100001100000011010001000000000100000000000000001000001
01001100100100101100000000000000000010010100010001000100000110010100010010000011001001010000000001010
10000010111101100010000011000001001001001010100000000001001010001000011001000000101100010000001100010
01000010000010000110010000110010000000110010010000000010100100011011000100100100110000110000001001111
10010100001000011000000000000101100100100011111100110101011000100100101110110001001000100000001011000
00101010100000000010100001011000001000100101000010001000110100000010100001011000011001111000000010110
00100010100000010100000100110100000100000001100000000000001101110100100010000100000111000000001100000
10010001010010000011100100010000010000010000010000001000000010010101100000101001000000010100111001110
01001010000000100000000101100000001111100000100000110100101100100000010101000001100101000111000101100
01000101100111000000100010001000000000000011000001010100110011000001100010100000100010010101000010000
00110001101001001000010010010010000010001000110100000010010100100010000011001001011010010000100011000
11000000000110010000000111000111000100101110101001001111001000000000000001001000000101010001011100000
01110101000001100001001100010000010000001001010001100000101010001100101001001011110000111000000000000
01100001000000000000000010000000111000001010010001010000000011110001100110011011100000000000010010010
00010000100011000101100001010000001000101010001010101100100000110000000011000010010100000100101000000
01000111000001101100010111000010100100000011010000010101010001000010110100000010010011000100001000001
11111110010110000010000000001000010000001100110100101110000101000000100011000000100000000000000010001
00100000000000011110100001100001000100010010100110001001000110000010010000000111010001101011000110000
00000001110100000110010001000001001100000100000110101101100010011000100010010000010110000000100101000
01100001001100000101000000010100011110000010000100000101000000011011100001000000000001001100011001101
01001000100001000000100100000010000011110001000111011000000110001000000010000010010110100101011001110
01100011000100011100100000100101000001011100000000000001011101000100010101110101010001001101000000001
01011010001100000000011000000010100000000000111100001000000100000110010000000000010001000101100100001
00010010111001000100000001000010000000000100011001000101000000100000000001101000011000100010000001100
00111010010001010000001000100100100010011101001000001000100001000000001000001000001011100000110100000
10000001100001100001010000000101100100100000010111100110111000000001101011001000000100001110000010000
00100000101000100000000001011000101101000110001101001100001000110000001000000001001110001100001001110
10000111100000110101010001001111001001010011000000110000000000100000010000011110101000101000000110110
11001010101100000000000000110000000001100100001000100000100000111001010010101010000101000000000100000
01001000000000010000000111001110101000101001010110000000110000001000000000110110000011010100000010100
01001000100001000000000000001010110001010101000000011011000101000111100100000100101000000000010010100
00010000100110000010001000100100001000100010000001110010101000011000101001110010011001000000011100111
00001010010000000000110000110000001111011100000011000010100000001001100010000100000000000000000000001
00100000000000000000101000000111001001100111010110010001000010000110001000000001010000110000100100100
00100010000010100000010110011001111000000000000000110110100000000001101001001000001000000000001000100
00110010101001010110110001000010011010000101010100000011000111000010001010000001100101000111111001000
10101100101001101110001000100000011001001000011000010100000000000010110001011000011000100010100000000
01001000000001000001010000010101001000010001000001000100100000101010000100000000100100011010110100101
01000000000000000110001000011010110000001010100010001000000111001100001000100000100100000000100001010
01001000001001010000001010101101010001110111000100010000001000000101010001000000111000100000010100000
01010001010001001000000101000000010010010001011010011000001010010100000010000100001010000010001000010
00010100101010010000010000100111100001000001000000010100000100110010010011101000001100001001001000000
01000100100000100000000000000001011000000000111000001000011001100000010100101000011000000100100101010
01100011100001000001001001100000000001000010010001101110000100101110100010001010010000100100000001001
01000100011001001000101010000100010101000000010100001001001010001000110001001000101000100000010110000
10010110010001100000010001101100101110000001010100000100001001010000100100000100110000110101110001101
00000001110100000010100000010001000011010101000100000100000000010110100010010000011000001000010000000
00000000010001100010001011100010000000001000010000010100001100000110001000000000011000000100100010000
00100000000010000010000010001001011000000010001000000000001010001001000000110010100000100000000000100
01101010011001000010001001100100101000000011100001001010000101010010010000100110000010010001000111001
00000000100001000010001000010001101000000000111000000000100100001010011000100011001001010110010101100
00110000001010100011001000001110000000010000000110101000000110010010000000100000000100000000001010000
00000010000001101000110010001000010100000001000010001000100000010001001000000000000110010101100100001
