00000000000000101101000011000000001000000000010010010000000010110101000110010011001001000110000000010
00000000000011001000000000011010010000000100001000010000110010001001010001110000100000000100000110100
00000000111101100000001011100011100000001000000001100000000000001001001000000010001001000000010000100
00000011000100110001000110011001000110001010001001001011111110100000010011010000000110110100010000110
00000100010101101101000000000001001000101101010001010010001100010111100100000100001000000110101111001
00000010000100010101001100100000000100101000001010100000000111000001000000111111001000010101010000100
00000001000100010010000000001100000101000101010100000101011100010010001001000000011000001000000010100
00000000100101010001000110110101101000000000010001001001101000100010000001001000000000000001001000010
00000001010110001100000101000010001100001100000100100100000011111100100001001100000000010100111000000
00000001000001100101000010010011101001101000010110100000000111001100010011100000000100101000100100010
00000010100001001000001010000000000011011000011000100010000000010100101000000100000001110100110000100
00000100110001000000000001001010100000000101000000100000100000101100100000100001000000010000000000100
00001100000100000010000100100100011000010010000000010001000010000100000011011001000000001000100001100
00010100100000100001000010001000101100001100001011011000000001100011100010110100000000001010010010010
00110000000010000010001001000000000001000101100100000100000000000001101010101100111001000000100100010
01011000000001000000100000010011110111000000000011001101000010000000000000001100100100001101000001001
10000000001010010001100100100000000000001111001001000001110001001001001000000110011010000001000101000
10010000010101000011010000001000101100001001101001010010100001010100000000000000000001011001001011000
01100000010000100110001010100100100100100000100010011000000100000101001001100011011000010010010100010
00110000001000100000000110000100000010000100100011101011110010000000110000101110100001001001100001001
00010101101011000100001001001000001101000010111010010001100000110001001100100100001010101000010000110
00101010010100010001000101100010000100011000010001011000100000110010110001010001110011011000100000000
10000000010001000000000000110010000000001101001010100100001011010000001011001001000001010000000000000
01101000100000000001001000010010100110010000110000010000011000101100000001000100010001000001010110101
00101000010011100000000001101001011010001000010001110001000100011010001010100010000000010000001001011
00000010001010010001000100101001110110010101011001001000001010101000010000000101101101101100000010100
01101001001110011001011110000010000010100011100010001000000000011000011000000001000010100000100000001
00000010010000010000001000001000100000100010001000111011100101000001100010001010110000000011000010101
00110000000000000101010000010010000001101100010001010101000111000101011100000100010110001000010100001
11010001100000001100000011000001010000010011001001000000011001111000001000011101000100011000000110011
00100010010001000001000010010000111010000000000001000001000110010110010001000101010010000000001000000
00101100001100100010000000000101100000100000100001000000000000010000110000001011000000011010000000110
00100101101000000000001110000000010011110010110101001001100110000000010011000001100100011101001110010
00001110101000000000110001000011000100000010010100001000001100100000000001001010001011010000000100000
10110000001001000100011000101001001010100000000001001010000000101011111000000001001101001001001101000
00010010111000001000000000001000000000101111000010001110100010101000000001100000001000000001000101110
01010000000000011000000010000000000010001001000000000000000010010100011000001000110010001010100100101
00101100001101000010000010010100011011001001010001001000100000001010000100000110000001000011001000000
01010000000000001000000000000000110101000110010101111000100010000010110100000001101000000010100100100
10000001100101000000000110010000001000000011110001010000000011100101011000000101010000001001100000000
00110101100001011110000101000101010110000001100000001011100011000001101000000000100000101001101101001
00100000110110110000010010000000010101000001010110010000010100001010000000010000000011001110011000100
01000000100000011000111000100001001001010000101100100000010001000000001000000011011100010010110100010
01100010111101010110001101011010001001100011000000101010001000110010000000110000000011101101001010000
10001100000001001010010001100100010100000100011000100000000000000010001000000111000010101000100101101
01000101100010100000110100001100000100100001100001100000100010011001001010100000000000100000000110000
10001000000011010001101101011000001000100010010100011000000000001000011011111000001001010001010000000
10000010000010100000001001000000111000100000000000011000101010000010011100001001100000101101000000011
01000100100000011010001001001000000000010000000001010000010000101010000000100100100100100000000011100
01010001001000100001000000111100000011100001000000010011010001000110110101000010001001000001000011000
01110000110001000000000000100010110111010010110000010000010000000100000000110100000010000110011000100
01010100100101000010011101001000100001000000011100010000110110000111110000010000111100000010000101001
00101011000000011110001011001100100000001100001001010100000000001100000000000000000001010001001000000
10100011000100100011110000001000010000001101101001000010001010010010100000000001000001010100110011100
00000000000000001000110010101000000010010000101101100100010000000100011000000010110010101010000001001
00101000010000010010001101001000001000000110010010000000000100000000010100001101000011000111011010000
00000000000101110000000001000001000110100010010000000000010000000001111000000010010000011100100100111
11000000010100000100000010101010000001011010010001001110000100000000100010100010000000000000011001001
01000000000100100001110010010010000011000000100000101011100000101000000001000001101100000010001100110
10100000011010000000010000000110010000110100000100000001000100000101000001010000000100000000001001100
00000001010100000100100010101101100100000001001001000010001101000001100001000110000100100000011100100
00000100100000011101000000010000010010110101000001000000010001001101001011000000000010100010110001000
10000100000000000000001100000100100000110111101100110000010101000000010101001000100000100001101010010
01001000000000010000100001101001000101000000000000110001010010010011010000101111011010000000010011000
00000100001000000000110011000011001000000010011000000000010000010100100001000110000000001000000100000
00000001110100101010110000010010000000001100101001010000110100011001011010001100100010000000110000110
00100110001000011001000100000100011010000010100110101001000000010010000100100000101001100010100001010
10100001001000000001010000010011010001100100000000010001000110101100100100101010001100110000000100000
00011010000001100010100010000001000110000100100000110011000000000000001110000100010101000000000101000
01110000000011100100011011011000001000000000101000000100000100100000001000010010110010000110111000010
01001000100100001000000011000000000000011111001010010010111001000101010010101100000000110100011000001
01001000001011000100010000000011010000011010100000101010000001000101011110101100101110000010000000001
00101010010000010000000101000000000000000110011000001000110101100010011000010010010010001001000101101
01110000000011010110000101100000000000001100000000001000000111000000111000010000100010000000100001000
00000100000110000000110000001001000000000101000000001000000000001000001001010111110001011100010000000
01110000010010100000000001100110001000110000100000110100000001011000000000110010001010011000000010110
11000100000110011100010000010001001001010010001000100100100100000000101010000110010100110000011010000
00010010001000000000001110100111000001110010110111101010101000011000010000001000000001101010110000100
01011101100000000101011000000101010000000000010000010110010100101110000010001101000100010000010010001
00100001000110000101010110000001001010000000000101000000000010000101000001010010111001000101111011000
11100110000000100100001101000100100110000101001000000001001001000100000000000001100101010010100101000
00000010001000001010100001001000000111110100101000001010010101000011001100100000000100001100000000010
10101111000000110010000001001010001000010100001110110101100001000001001000001000001001100000101100100
10001000110001100010111000100010100000100001010000010101010011010010000000001001011001100100001010100
10000100001000011001000000101000010001010011011001000000000010101100001100001110100011000000001010000
11001010010000100100101100000010011010001001011000011001000100010000000000011000000110011010010000110
01000010010100001011101000100000011011010100101100000000000100000000000000010001000001100000000000110
00000000000000000010010000000000001110010001101000000000001110101001000001100000001100000011000001001
00001000011000000000010000101000000000101001101100000000101000110000010110010000101001100100000111000
01001000000000001000000000000010010001100000000000110000000011010011011000010011010010101000011000001
01010000001100000000011000000001000100000000000010100010000100000001110000000010000001000000000000000
10101000010001000011010011010100000000010000101001010001001001000110001001000011001100000100010000000
00000100100001101000001001000110101000000110101100000010000000010000110001001000000001000000000000000
10000000100010010101000001000000100011111011000010010010110011110000000011100010010010010110000100010
11000000100100001000000110100000001000110011000000000000100010100000100010000000000010000001001000010
00001000101001110100001000100000011101100000100100000000100101100011000100001000000010000010100000000
00010000000010001000010100110001010000010000011101110010100000000101000000000000000101011100011110100
01000001100001000100100010001000010000110001100010100000001111000110001001110011110100100101001000100
00001100010000001010011010100000010101100000111001000001100001000000100100000011001000000111100000001
11110000101100000000101000000011000101001000001011000001101101100111000100111000100000001000000001000
00010001100000101101000101000001001010001000000000000000000000100100010010010000010000000100001000100
