00100000101110000000000010100100110101100010000010000000001010000000010000100000000010100000000000001
00100100000001010010100100000010100100010100000000000100101000100101100010011001000001000101100000100
00100000000010001101101000001000100001011001001001000000000000001000001000000110101000000010000010111
10100101111001101010000000000010010000000010000001010011000000101000000000010100010000000110100010000
01010000010100011110001001100000010000100101000010000010110010000001001000001000001010010001010000001
00000000000001000001000010100111100000000000000100000010100100011000101001100010001000011000010010110
01101100001000000000010001100010100001100010100000000000110001000010011100001001110000111010000010000
10000000010011011010010010000010010000100000010011111000010000011000000000101010000000000100000010001
00001000001000110010000100010000000000000000010011100010001110000001000001010000111000001000001000000
10011011000000001010000001010101100000000010101100100010111001001101001000011010100001000101000100000
00001100001100011000000000001100100010100000011010011001010100100111010010100100100011010001010011000
10100100001101000110010010000000000010000100000000010010010000000100010111000110100100000000000010100
00000000001001000100001110001011000000100000011001111010101000110100000000001000101000000011010000110
10110000010001000001000000100011001010100000000011000101010001000000001000101000000100000000011000101
10101100001001001100001101010000100101000000010111101001001000010110001000000001000011010001000000111
00010100000100100001000000100011000010100000001000000110010110010000000110000000001000001100000101100
01010110110011100000011100001000100000110000000001000110110000100010001010000100001000000000111101110
00101000000001000101010001010000011000101001110000100000001000001101000001010001101011000000001001000
00000000110000000100000001000100000001100010100100001000000101101010000000000001011010000000100000000
00001100010010000000010100001010010000011000001100000110010100000110001001000010000010000010000001000
01011000101010000000000011010010000110011000000010000100000000000011000111010000010000001101100110010
11010000011011000000010110110110100000000000100001100001000101000110000100110100000000100100010010000
00000111101001000000000000001000010010000100001000001001100101000001101000001011000000010100100000000
01101000100000011000001001000010000000001000100010010010000010100000000010110100001000101001000000111
00110101000010010010000000010101010101100000101011011100000000100000001100100001001011101110000000100
11101000001011110100000100010000100000000011010000000010000001001100100100000101000100100001010000100
11011000000010001000001011000011000100000011001001011010100110010100011010000010100000010000010110010
00000001101010110100100001000000010000000000111000110100000001000110101001000101101100001001000000000
00000001000000000101101001101111110000000100001110100100001011100000000001001100001011000000001001001
11100000100110010000110010000000100000001000100000000000000110010000010110101111000000000000000000001
00100000100001011000110001101000011100000100101100010101010000011101010001000010000101111000001101100
00011010000010011000010000100000100000110000000101100001101010000010000010011000000000010000011011100
00100000000001000011010101101110011000101001011000001000100111001011110010101000000010101010100000100
01000101000000000100000101010100110000101000000000001000001000001000001001010111101000000000000110100
00100110000000000001001010100011100000000000100101101100001000000110100011001000001101100001000100000
00010010101001000001010000100000101100000010000001000010011000100000000010010011110100000000000101110
00100100100000101001000001010000100000100010000000011100100001000001010010010000000010100000001001100
01010000000011100000000101001111001100101100101010000000000010100100000101001100010010100101010100000
10000001001000010101001010011000100000001001011001001100100001000011000010010000000100001000001000101
00100101010010110010000011000001000001000000000100000011101111100000000010000101011000111000011100010
10100000001011011000000000111010000010100111000000000101000100100110010011100100000000001001110010010
10000101001010101000110010100000010000000010011101010000000000100000010100000100000000000111010000100
01011010110001000001010000001011000001000010010010111101100000000000000010000110000011010011000000101
00010110110000000001100110000000100000100010000001001100000110000000000100010010000000010010000000001
00001000000000000100000000000000110000110100000010000000000000010100010001000001100000010100001000101
10000110000110100000000000000000010000010000000001101110110000000100001100001110010000100000000000010
10000100100000001010100000000010000000100001000001000101001001100001111010101010001100101001011010001
10001001100000100101000001000000000000010110000100000011010000111100100001000101110000010110100000000
00010001100101011010001011011000011000100000001100010000101001100000000110010000010110001010110001110
00000000110001100000001001101000011101011000111010001001110010000010000010111100101001000110000000100
01010000100100101000001000000000000000011111010100000100010000100001100001000010100100000000010010010
00001000100000010001100100011000001011100000100000010000100000101110100000000010000011000010000100010
00000000010001010000001001100001000011000000110001001010011001010000100001110000010000110000000000000
00000001001000100001000001100001011000000110001111010000000001001100001100110110011111011000000001011
00000000000010101000000000011000000001111001101000000000001010000010100001001010111000100110000101000
10100000001010111000010000000011011000100100011101000010000010001000001100000000001100100101001001100
11010101111001000001100001100010000001001000000100001000101000000010001001110011011000100010100110010
00000000110010101000001000011000000000000000000001010000011010000000001000010000010001001001100100001
11100000000101000010000000010010110101100001000100000100001000100000000101011011000010000000010000000
00101001001010000100000000000001101001010000000100101011110101110100000001000000000000001010110000101
00000000000100010010001100000010001000010100001000101100001000000000000100000111100011010000000000000
10010000000101010001001000000010100000100000100010000010000110001110101110000000011000010111100010001
00001001100000001110101000010110100111000001110001000001001000011000100010100110001010100010000001000
10000100001000010000000000101010000010101100010000011001010000011011011111001000110000010101010011110
00010001010100010001000100001001100000100010001100000000100000000000110100110110001100100111111000000
01010000000000000000010110101000100110101001000011001010100101000010110100001000100100101100000101100
00001101000001100001010000111100101000000110100000100000000010000001000000010001111000011000000000000
10000010010101011000000000110011000010101000010000101000001000110110000001000000000100110001010100011
01001000001010010100000111001011011001101000000010011010001111000010100100000000010011000111000000000
01000000010001100000100100000001000100000010010010011001000100101001100000011011001011000000001001001
00000000000000001001000100011100000001000000001000100010000000000001011110110000010000011000110010000
00000010000010000010010001001110000010000010011100011101001001100011000000001100100001101001000010010
10010000110000010010000000000001010000101010000000101011000011000010101000101000100000100000010111000
01010101000000001000000010000000110100000000000100101000011100000001000101001000100101000000010100010
01000010000001110000011110001000010100100010100000111010010001100001010000000010100100000110001010000
00001100100010010111010001010110100000100000100010100000000110000110010101110100000001110000100100011
00000101101100101000010010011001100110000100100100010010101110010000010000001101111010000100001000100
00001101000011000011001101000000110000000000011001101010110000001001000001000001011000100000100010010
01000111000000000010100010000101010001010000010000000000010000001100011010101000010110010001101000000
00001010001000100000000000001001100010100010001010011000101000110100000000000111001000010000000000000
00000100010000000000000000011001000100001000100000100110000001000100000000110101010000100101000100010
10001001010101011100000110000100010011101100101100100000010001011100000000110000001000011011000000000
00001101101100010001000110111100000011110100101010000010001100010000111100000000000000000010000000000
00001000100000011101011000000010101000000000011101100001001000101100000000100000001011000011001001001
00101101000000010000100100010010110010000001000000000000110010000000001101010110100000000001010100110
10101100001001001100000010010000001010000110100000101000010000000010110010011100011000000011001001100
01001000110010011000100010100001001000000001100000101000010110000001111110010010100010100011001010110
00000010100000100000000000010000010000100110000000010010000101011010000000101000000110111000011000000
00011000000010100001000100100000001011010010100010001000000100000001000100000100001011000000000010000
01000100100100100000100011100100001011000100000100010010000100100001100000100000000000001000000000011
11001000110100000010000000100011100010100110110001010001100010001101001101100010010110001100001001001
11000000010010000000100001100000100001000000000100000000000001100000001001000010100100001000000000001
00000000110000010010010000000000100000000110010100000100001110100000001101010100110000001000101000100
10000000110001010010000100000100000001000101000011001101000000000000100000100000000101100010101001010
10000010011100000000100000111101101000000010100010101000101110010000000010010101001101010001010110010
00000001010000100000100000001011000000010000000010000100100100000000001100001001000010001010000000001
01000000000111000001100001000100000000111111100001101011101000110011000010000000110100110001000000000
10010110000110000010000101000100000001000011010100000000000100000010010100001001010000100010000000000
00000001000000111101010100010000100100001101000100000000000000110001000110101010001000000001000000000
01000101100001000100010000000010101100100100000001000000010010000100001000100100010010100100110000000
00001000001010100001010010000010100111000101100000001000010100100000010100111000010100010000001000000
