01000110011000001000010100100000000101010100100011000100110010100000010001001010000010000011001010001
00101000000100000110100111001000000000101000001010000011000000001011010100000001000001010000010000100
10111011100100000010000001010100000011001100000001001001000010000110000001101111110110001000011000011
00001000001001000001100100100100000010000000000100111000000000100001001000000000001010000110101110000
10000100000110111110101111000001100000000100101000000000000000011000010110000110100000000011010010001
00000000010110000000000010100100101100100100010000001100001100001110000101010000000000110000001001010
00000100000110000000000000010100001000101100100101000100100000000010000000000001000000101000010000000
00101100010011000100100000000001000001010011001101001010000100001000000010010000100000010000000010100
00000000100001111111000010100010010100100010000000100100000010001010000000100010100101100111010100001
00010000000000000010100000100001001000100010010000000000000101001100001001011110010100000000001100101
01110001000010000000101000100000000101000001101000000000100001100100000001000000000000100010010000010
10110011010010110111010000000100110101001110000001000000010001010100001000000000100000000100010000000
01000000000011000000011101011001010100110001010000110010001100010001010110110000000000110000001001000
10000001001101010110001010000010001110101000001101110000010001000100000100001101100011101011010101010
01011001010101101010010000001001010000100000000110000110001100001100000100010010000100001001010000100
11001000001101000101000100000100100110011001100000000100001001000001100000000011000000000001000000010
00001100000000100001000100100001100000000100100110011000001010101000000000000000100011000100001111000
00001011001000000100011100010000010000101000000011000001000011011010111010001011010101001000100001010
00000100000100000010000000110101000011100000010010101000000001000000001000110100010010001011000101101
00010001001011000000001001100000011000010000010000000001000000010100000000010100000110001000000001000
10000000000000000000011000011000010110000001011010000000000100101100000110101000000000100000100010010
01010001000100001010100000001000000000110001000110100000001100000110000000110000000100011011001011101
01000000100001000101110010100000110001011011000000110001000110000100010000010000100010110000000000000
00001100010100010010000010100000101010000110000000101010001001000000010011000011100001000000101110001
00100101000010001001000100000000010000000000100000000000000101001111011000010000000000100000001001000
01001000101001000001001010001000000010000010110001000110000001010000001000000000000011101100010101011
00100101001100010010100110100010000111001010100100000100001100110000011101000000000110000100101010000
00011000000010100011000101100011000001000001100000001011011010101111000000000110000010000000100010010
10110001010101110000001000100001001000000010010000010000010000100100010010100100000000000001001000110
10000100101010001000110100001000001100110000111000001000000001010001000010010011100001000000010010110
00001000000001101000010010011001011101001001100000000101010110101001101001011000000000001101100010010
00101011001011000000010010000000100000110011000100111110101101000000000100110101000000100001010000010
10110000000100100000000000010011011010100000011100110001010100101011001010001001010000000110000110000
00100100100100011111000101101000011000011101101001001010001001100000100000000011010110100000000001000
01000101011010010010001000010001010110010000000000111000000000110100001001000001000010000001111100100
10100001000001010000001000110000000001000011101011000001110000010100100001100000010101000000001000000
01000000001000110001011000000000001011001010000011000010001000100010001000000100011001000110001000000
00010100000010001001000000000100111000000101001110101100000101000101000101100111101110010010000100000
01010001000110001111010000001000100100001100000100000100100101000001000001011001000000001010001001000
10001101000110000000101011010001000100010000001000110011010100000000000010100001110011100100000000000
00100000000100010000000000010110100100101100000000000010011100000000111110110000000010010000000000000
00001000010010000000000001011100010010010011011110000010000000010001101100001010000100000010110000001
00000010001010000000000100000000000000111101000100100100000010110000010000001110100000000001000010000
00001000011001100000100100001100100001000001000001000000100100000011001000100010110110000001011000100
10001010100100000100000011000000100111110000000000110000011100000101100110100000000000001001100001000
00001111101100001000010000000010111000011001100000000000000000001010000001001111010001100001010011001
01110000000000010100000011001000001110001111010000001101000000101100011001101000101010100110100000000
00010000000000101001001110000010000110000000001000001000000000100000100001010101110101000100010000000
00101000011010000110001000010100000010001010001100010011001001000100100101101100001110000010000000001
00100100000010100100000010010010000000000010110000000100010100100001000000010010000000010100001010000
00100000101000000000001001100010000000101110100111010110000000111101011000000001101100000010000000001
00010100000000001010011000000010001001000110000110101010000001110100000001000111000101110000001010000
00011100000111100001011010010000001010000100001010000010001000001000000001100001000000001010000000010
01011001110001101011010010001101000101000000101000100110010000000100101010000000110011000011110000000
01000010000000000100110001000011010010101001100010000011010000001101010110001010100010101100010101000
01100000100011000110000010010000001000110110100000010100110010000111010101000000000010000010000000011
01000000000010010000001000100001100001000010001010001101001110000000000110000110101000001000100011110
10111000100100110011000011000001100001000010101101110100101001101101111000000100010000100100000100110
01001110000100100010000010001000000000101101111110001101000001000100000100000101010010000000001001000
10000001000000011001000000100100100100010001000000000000000000000001110000000000000010100011001001001
00010010000010000000110000001000011010000100001000001010000010100000001110000101111001000000100000000
00010001101110000001100100001110000000010000000010000101001000000000000001000100010010000000001001000
11000100110000000101000000001000110100001100000000000100101000011000000001010000010000000011010000000
00010110000100000000000000000011101000011000010101101001000000100101001000000000000010100100001101100
00000101000100000000010000000011000000001101010100001000100001011000000100000000000110101011011010000
10100100111100110010000000000101000000000000001000001011101001010010000000000000010011000000000101000
00010000101001110101000000100010000001100001101000001100010101010000011100000101101001111001000001000
00011000010000001010000011110100001000100000010000100001000111011000001100001000000000000000001000001
11001000001000001000101100000000001010010010100100100100000100011000010010110100000100111010000001000
00000101000000001001100100100011000000101010000001111000001100011001100000001000011100010000101010111
00100000000101010110100000100100001010000100110000001011010100010110000010000110010101010111011100001
00000000011100100001010000001001011000100010100000001001110000010000000010110000010100101001010010010
00001011010010000000100100100001100100100010000010010000111000000010010001000001100110000010000011100
10100000001000010000111000010100001011100110011010100000100001000100000000000000100000100010000000100
01000100101110100001000001101100000000000101011010010000101101000000010110110101010000101000101010010
01001001111000011100100011110010000011001000000000011100010001000000001100010100111001000100000001010
10000000000001000001110000010010001010001001100000000010011000010110000100001010000000100010010001000
01110001000100001101000000100000100100101000001100000000001101001000100010001000001001000000001000000
10000000000110000011000101000000010010110101111000110100000000000000100010101010010000010011000000000
01001110000000001000001101010000110010100000110010010100011100010000000001001011000000000010000001110
00000001011110000010000100000100101000001111101001100100011101001110011010000000001100101000010110100
11100000010001011000010010100010100100010010010100000010110011010110010010111010101010000010010011011
01010001110100000100100000111000011001000111011010001100100001010010000000111010001001111000000100000
10000101000000010000010010101000100110101100000000010100001000000001111010001000010111010100001000000
00110001011001010101100000000000000010010100001000100101010000010000100110100100001000100010101000010
00100100000001010001010001001001000011001011010110110010001011000110001000000000000100011000010110010
00011000010001011101000000010010100000001000100001010001100011001010100011010010000001100000000000100
00101010001001000000000010001001001000101010000010000101010110000000010100001010000000001100000000000
01010000011001010110101000101000010011000000010000010100001100011001100101000001101000110000100111000
01000100000010000010101000101100100100001100100000000000011010100100001000011001000110000101000001011
00110011011000001000010000110010110100000001001100100000001000111001000000001010000000000000000001001
00011100100100010000011101001000000000011101100010101100000000001000000110010100001100011110100100000
00000010000011001010111001000010110000000000100001010011010001000001000000010010110101010101010000000
10000010000100010011101000000100110000111100001000101101000001011100111000000010010001000010000000000
10001100000010100000100000000010100000000010010000000001001000001101000001100000010010000010000110010
00010000000100000100100011110001000000010011010111101110011000010001110001001100001000101100001100010
00100000000100000000100100010000000101000000100010101010110010011010010001110001010100000010110101100
10100000000100010100001000001010000010010000010000000010011000000000001000101110111010000111000101000
01000000001010011000000110000101000001000010101101011001010010010100100101001101000010110001000100011
00000000010010100100001001000100001000010000000110000000000001000100000101100000001010101001000010010
00000000001000011000100000100100011000000101000001001000010011001000000000000011000000000010000100100
