10011110100100001000100100000000010100010001000010000100001010100001001000101011000000010100001100010
00000001101101000101000000000100100001011110001000000000100000100000000011000011010001001100100000010
11000000100000011110000000000001000000000010001010100110000101100000000000010001000000010000001010001
00111100111011100010010011000111000000101000000011000010000100010001100110000010001001000000010000110
11000000000000100000100010100000010100001010110001001001101101011001101110000010001110000010011000101
00000101001000011010110101000000010010010101101100110110000100001001100000001010101100010001011000010
00101000010000100010011010001011100001000010010010101100001000000101010100010000010011011111010000000
00010011010010010000000000000010001101000010000000000110000100010100001010000110000000111011001010110
10110010010100010010100010001000001000000000000000111110100001000000100000000000010010001001100110101
00010100111001001010010000101000000010000010011001011000110000000001001110000101110111000000000000010
00100110000100001010101010010110001101001110010001011010000001000010101100100011000100000001010010100
00100000101100001010010101110011011001011000000000000100010110010010000000000110000001100000000001100
00101101010100000000101000100110001100001001000100010000101011000001011100000000010001000000000101000
10110000000000001000000110001000010010010010110001101011010000110000011001001100101010000000110101001
00000011001101111100000010000010000001000000010110000000000000100101000001010101100000000001000010001
10000101000111000011100000001110000001010011000000001101000010100101000000001000111010000010000010000
00000001110010011000000001000110000100101010101001000001000100000010001001000001100001010000110000010
00110010010101001000000000011110100101100011010100001001110000100001110001000000100100001011000000100
01001100001110100100000111111000100000011000010000000010000100000100010110000000000100001001010110000
00000010001010000100101000000001000100001001010100001110000010000100001101000111011000010000000000000
00011011100001010100000000011011000000000001001000001100000110101101100010000000000000110000001000101
00100001000001101000111000000010000000000010010000010010001000010010100110110001110001010000000001000
10011000101000001001000011000101000000100011010000000001100100010111100000000111000110010000100100100
00000000010100010010100001000100000001000100110010000011010001100100001011000110000000001001100000010
01000000000010010100000000010101000000100010100001100000100001001000000110000010110100011000000100100
00010101000011000000001100100100101110100011000010100000001010000000010101001011000100000101001010000
01000011000010101000001001100001101000100001010000000011001000110000000011001000111001100110001001100
01000000000011011010100100100000001111000010110000000101011000110111001011010010001000001010010100001
10000001010010100010000010001100101000000101000000100000000100001011000000110000001010100000100010000
00110100010000001010011000100000111000000100000011100001001000100101000010100100000100110100010010000
01000100000000000110000010001001000001110001100000010010010001101000110000001001011011110011101010010
00000000100000000100000110000010000010001100100010000000000001001100000000000011000000000001100100010
00110010000000000100000010000000010011010011000000001011001100000000011101000100100000001000001101100
01001000000010000001000001010000100100011000001000000000000000100010001100010010001010100000011100100
10001001101001001011001000110001000110000000010110100101001000010000000010100000100000011000010000000
00001000010100000000110100000100001000101100110010100010000000010000001100110000000001000110001001000
10010100000010001000000000000000010000000100001000001100010000000000110100010000100000000000000000100
00011010110100010010000000101000001000000000100001000010100100000001000100110000110000000100010001001
10100000010010000100000000000100000011000001101000000010010000000000110000100100000000000111100110001
00001000000000111110001011001001010011010011000001001011000001001100100101000000000010010000010000001
11101010100000100010100110010010100001000100001011100000100000100100110100100010000010110100000101100
00000011000000011000001101000100100000011101001110001001110000011010000001011001111010100000110010101
00100001001001000000011100110000000001100010011010010100000101010001111000001100000001010000111100001
00100000010010000011000100100110100000000010000010000000000010100000011000010011001011010001101000000
00001000010000000000010001011001001100000010000010000101000000000001001000000000110000010111000001011
01001000000001001001000000001000110010101010000111100001001010001010110000100000110000100000101001000
00100000000100001001001000000101000000001000010100000000011010100001000100010000001100000001010010100
01010010000000000001001010001010000001001111001010001011000100011100001110010000000010101001011101010
00100100100000010100000000001010010000100100000001100000010000001001100000100000111000010000001100000
10101100010110001001000001011101010001001000110000010010000100000101001000000000000000000000001000000
00001100010000000000000000100100001110000100110000000001000000010000101100001000010001010010011000000
01100000001000010111000001000110100100010001000000000100000011110100001000000000011010000000000000010
11010001100001001001000000000101000100000010010001101010000001100000001010000101000000001110000010110
10000000000011010101100001000010110100111100111001110010100100010000000100110000101000000001000010000
01111000101101001000100000001000101000010000000100000100000011110001000010000001000000110101000001000
00011000100000000100001100000000110100011100110001110110001000001000010100000010101001110000010100101
00100000001000000010000100100100001001000001100000000000000010001001000001000011001101011100000100000
10000000000100101100101000001010010001001000000101100110000011000110010000110000010001010100000110100
10110111001001100000010011010000000000000000001011000000001011101100100001000001000001000101100111011
01001111010000000000011000000000010001000100100010000100000000000000001100110000011000101000000000100
01000001111011001000100100000110000010000000010000101011000100000100001010000001001001100101000100101
10010100000000010001011000000001101000110000000100000000000000101000010010100110001110001000010000010
10001000010100101010010011100010000111000000000001011101000100001100100000110000000000111101011101000
00000000001000011000001110111110101100100100000000010010000000111100000101001000000000010110110001110
00000110101110010100000000000010000001110000001000000100000010000000010110111000000011000100101100000
00000001000100100010010000010101101100001101001111000001001101011000000101000010110010000010000000010
01011011000010110010110001001000000000000010111100000100100011010010000001000010000111010001011100110
01100010110000101010000110011000100011001011000011100000001011000000001011000100110100000101110000010
00100011001000100101101000000001000010000010101100010100111001000010110011101001010001000001000011001
00100000001010010000100000111010001000100011100000001000010000001101000100001000110100010000000000011
01101100010101000000101000001000000100000010110010000110001001000010000100101000000100010000001000000
11001011001100010110010011001101011011001100100000000000100000010110000100000010110101001000001100010
00101000001010001000000110001100010100001100000001000010000000000000010100000000001110101011101010100
11000000101001011011010100110000010110001000000010000100000000101001101010000001010000000110010110101
00100010110000100000100001011011001000000000100010001110010110000111000100010001011111001001110001000
00001000010001101000100001000011000101010001010000100011110001100010100001010000010101000100001100000
00000001001110001001000110000100000010000010001000100100001010010100100101000101000010100000000100000
00100000001001000100001010001001110000001011001100000001010100000010001100000010010011101000101111001
11000001000000000000001001001010000000000000000001010010010000010000001000100001011010000000010000000
00000111000000000100000010001100110000001111000000001000010000010000000111000000000000000011101000001
10100000001010000011110010110010010000110010010110101100100010110100000100000110010000000000100000010
00101010101001000101011001000100101000100000100100110000000000100000101000000100110001010100000010000
00100000111001010001010101001100110111000001110001110000101010100000011000100001101000010000001000000
00000010101100101000001111010100100000101110000010000110100110000000000010010011100001111110010100001
00000000000100000000100000100000010000000000111001001100000000010100101100010010001001000010100000010
00101000010110000001000000000010001000101011011000101110100110010000110000000100110000010010000001000
10100000000000000110000100110000001000000001000110000010010010000010001011010100010000111100011000101
10000001010000011000001100101011100000110101100000100000100001010000000000100001000001000100000000010
10010001000000100000000010110000100001110000100000000000001000101000110011000000011011000111100000100
00000110001010000110000001100000000100000111000001111000011100000101010001000101100001101101000101000
01010000000000010101010000010111100001011000010010000000010000000011101100000101010101000001000000001
01000001000000101001100110001010110001000010001100100100011000100100011100000000101000000011010010000
01001010000010010010110000101100010101000101000000000101111001010000000000000100001000001000010010101
11001101000000000010000000100100001100000010001000000100100100000001011000000000000000100110000101010
10000011010000001100100000000101000100010110000001001000000000000001100010000011110001000000001000110
00000000110000011000000000100010011000000100011011101000010010000001010011000110000110000000000110010
10000101011110100011000100001000000000001000000000001000000000110000001000000100110101110000101000010
10000101010011000000101000000001100100000010000010001000010110100100011010000110100000000000000000100
01000001011000111100010000000111011000100000010000100000100010001000000111001001010000000000000100000
10000000001000001000100100000110110010010010110111000100100000011000000000000110010111100000010101010
01001000011000000001100101100000100000001010000000000001000111001000011000101100000110000110100000000
