00010000001101101101101100000000000000000000000001001000010010100001010011001001110001000100000001000
00100000010101000100010000011010000010000000001101100000101000011111000001000000001011011000000000010
00011000000000000100100100000100000111001100100000010000101011000001010110000011000000100001010000000
00100000010010110000111000011010000000000000101000000000001000000101100000001100000000100100001100011
00010000000001000100011111100001110010111000000010011100101000101001001000001101101001010000100010000
00100000000100011100000001000001000010100100010001010001000100000010000111100100100001100100100000000
00011010000001001100001110000010001100100011101000000011000000001001010010011110110000010000000101000
11101101000000000110010001000100011000000000010101010100000100100011100001100011000000100000001100100
00000011010110100111000110001000110000110001000000000001000101101000010000001001001000010100000101000
11010000011001000000000001001001000011000111111110000100110101000011000001100110001100000001000000100
00000010000110011000000011001000000000101000010001110010000000011110100010000000000100010000100000000
00000001100011010001010000100101000000000100100001000100000000000100010001000001110100100100010101010
00000001000001100110001100011001000101000001100001000100010000000100000000110100001000000000000010100
11000010110000000100000001000110101011000100010001010010000000100000010100111001110000000001000001001
00000001000000000100110101111000000110100101001111010010010011001000000000001000000000000000000001000
00000100001111000000000010001010001001010000101001001101001010100010001110101000010100000010001001001
10011000100000011100000100000110000010100000000000100110000000110001100000000100000000000000011000010
01001111000000000011000011000000000000000010111100001011100000100110010000101100000100000001010101110
00101000001001001101100011000100001010111110100010101001101000000001110000100110100001001111001100000
00001100001000010001010011011111000001001000000000100010101000100000011000110000000000000000000010000
00000110000010001001100000001010110110100010101001000000010000001101000000101000001000010001110001001
00001000000000100100111010000001101001000000000010000000010010100001010010000111010001010100110001000
01001100111101001000000000000100010000100100100011000001011101000000101101000010010110000010101111001
01000100001100010001000101000001010100001100100000011100100010001001001100000010101010000001011101010
10101010101010101001001010000010000001001010010011110000100100100110110100000000010100000100000000101
00100100000100000000001110000001000010000100001100001000000010010100000001001001100000000001010100000
01000100000000111110000010101001110110000010001111001010000110010010100100001100010010111010000000110
10000000101100101000110001100100001100001110000000010000111001000000000100011100001000100110011101100
00101000010000111001001010100010000011000100000001101010110100000000001000000010100110011010010000100
00000100000001000001100011001010010011000001000000010100000010100010001001010100110000001000001001010
00010001010000000010100011010110100100001000010110000100000100010011010011000011010000000100010010001
00010000110000100001010010101001100100000000011000101000001110001100110000010001001100011001010001000
01000000010011010001101101100000000011100011110101100010000000010000000010011000011101001010001001001
00100100110000101101101110011101010100010100001100011010101000100000000000111011110000000000110011010
10000100101010010111000000001100000010000000010000000110111100000001010011000010010000011010000000100
00000001010000000100100101000100101010101000000000000001000010000001100110001001000000110000000111000
01110010101100100000001000000001010111000000000000000111001000011001100000100001010000000010110010010
01001110111100110011000000000000000000000100001000001000001111110000010000001101010010110110010010011
00110000000110000010001010000001100100001010010000001101010000001011000000101000001110000001000100000
00011000100110000000010001111000011010100001001100000110011100111101111001110001110000100101101010100
01001110001100000000000001000000000010001000000000100000100010000000011000000000110000010001100110001
10001100001000010100011000000011000000010010100000000010000111011101000000000000000010101100100010100
11110000000000100010000111100010100000101000111110000111001001000000110001000001001101000001100000000
00100000001011000000000010010100001000010000010010000100000000111001100010010110000000100001001100111
00010010000010011000001100010010001001100111001101100010001101000000010010010000100100000010110100000
00110001000010000010000010100000110001000010000000010000010010110010100010000000111001000000000100001
00000101011010000100000011000010101010001000111000011011001100010001001001001000000100010100001000000
01000010010000011010000100000101100001100010000000000000100011100000011001101000010010000110000000010
00000100000000001100011010001010101000011000000011000110110000000010011000100100010010000101011110001
01000100100101010000000000000101110011011000000000000010011001010000011001010000101001000010010010000
00101001000100010001101000110001000000000000100000000001011110100010100010010000010011100000000100011
01001100100110000001000101000001010101000000000001000000010000010110000011010100010100000001101001010
00010110000010011010110000001000101011000011110010001001001010000000100000100000101011011101000001000
00010000110000011000000100001000010110000001100010000000000011110011101010011101001000001000110001110
11000000000011010100100011010111001000000000000001000000101101000000010001100000110100100010001100110
10000010000000000001011000010000101000101010011000100001000011000000001000111100010010011000101100000
00110110110000100010000001001100010000010001111000010000010010010101010000000000001000001001000001100
00010101000100000100001001010100001110100000000011001000100100010000101010101001010100000010011000101
10010010011001010001000100010010000001000101110101001000100000100100010110000110000100000101010111000
00000100011000000010011110010100101000001011000001000001110100010100001000000000000000101011001010000
10110001001110000101111000000010001100100101000011000011000000100000001111001000100000000010100000010
11011001011010110000100001000100111100001010000100000000100100010011000100110101110000010100001111010
00011000001000110100100000000001010100001100011100001010001000001010100100000000010001100000010000000
00000000100001000100000010000110010000100001001000001111001011110110000101111001101010000000010000000
00010101100000010010010001000011001101001000011000100001000001010010000100110101000000100010000011100
01100010000000010100010011010000100010010000000001001001100100010010011100001100000000100010000001010
00011100100001000000000001100000100001110001001100000100010100010100000000110100110100001000101101000
10001000000011000000010100100010010001000000110001001111000000100010010110001000001000011000110110000
00110100110001001100000000010111101011000010001000001000000001010001001011000000000000000100000000011
10101000010100001100011000010100000100010011000001000010000000001001000011010000000000110001000000000
10010001000010000011000000000110000000000110000000100000000000010011010100000100011010100000101010011
01010010111011100000100000000001000000010000100000001000000001010101010000100010110001101001001101010
11001100110010000010000001000000000110110100100000110010011000001001000000010000000000000001001000010
00101001100001000001011011000011001001111101000001011000000100100100000110011000000101000000000011000
10100011100011000110110000100111000000000100000010000000000000001001000010000010011101000010101110000
00000000011000100000011000001100000110001000100000000000110001100000000000111100010000011100010001000
11000111100111010100001000101001110000110111100000010000000010001001011010110000000110100000010010000
01000000000000001000101010001000010100010100100000100011100001000000000010101000100000110001100100010
11110010000011000100010010000110010000101010110001001000101110100101100010111001101101010100011001000
00001000100001101000011000010000001101100000100100000101010001010011111000100000100101001100110100010
00000011000101000000001011110100011000001110101001000100001010100000011010000011000100010011110000100
01001000001001000000000100110001000001011000101110100000011000111000111100100010000011000000001101000
01100000000010000000000001000100100000001100000000100000001010010010100000010000000111010100010011010
01010000101110011000001101001100110000101001001001110001011000001010010100110001000000000001100011100
00010001100001101010000111000001101100000000000000001111110010001000001001000100100000001000100100001
01000001011101001101000101010010001000100000010010010000000000011000000111000001000110011000000010000
00010001011000000010110000001000001101110000000010001111100000101011111000100110011100100100000001000
00000000000110000111100010011111000010000000001000110011000000000100110000000001000010011101111100010
00000000001000010000000000100110100100000000100100010100000001000100000010100000100000000101110100101
00000010001000010001001000000001001000000110100110001010011001100101001010101000000000100000010101010
01100000001111000000010000000100001000000000010001010010101000010101010000011001001010000010100010000
01111100010001011001010000000010000110000100011000001100000011010000110001011100110010110001100000110
00000110100110100011111100001001101001101000001001011000100010001000010000000100011001001100000100010
10011001000001000000000010001001001010000001000000100000001001001010010111010000001111000100100001000
00000110000001110000000100000000110110001001101000000000000011000000001000000110000010101000100101001
01010011000010011000101100100011011000000001001010001000111000100011011001010001010010101000000010100
01000000100100000100001010000101000001000010000000000000010010000100000101001100000000010010010111001
00110111110000001000101001100001011010001010000100110011001000000000001110101000001100010000000100100
10000100000110100100000000010000110010000001101100011000000001100100000001001000010010111101101001010
00000001001010111110000011100100100101000001001011110101010111000010100010100100101100101001001100100
01011101001000011000010000100000000001001110010000010000001000111101010001010001010000000001001000000
