01010010000011000001000100000000110010001000100001000010000100110111111010101000010000000000101010000
10000101000010011000101000001001000000110000011000000001001000001000000001000011000010001010100000100
00010000000010000010010000110010010100010000001000000000101001101000100000001101001000001100000100010
00001001010000001010101110010100010100010000001000011010011010000100010000001000000010000111000100100
11000011000010111010000100010100100001100000010001010000011000000010000001100001100001000000000100000
00000011000011000100101001000000000010010000100000010010001010011000000001000010000111010101010001101
10100100011001000100100110010000000000101011100100000000000010000000000101000001100000000101000001010
00010000001101011000001101101001000000110100000000110011001000000101100001010101001110010100000101000
01000111000000101001000000100100000000010001001001000011001000000001000001000000000000000000000101001
01000100000011100000010100010101000101100010100001110000000100000010000001010000000000010100001001110
00000010010001001000110000000010011000010000010000010011101100000000010011000100000000100011010100000
10000010000010110011000100000101000101010001100010001101010010010000100000010100000001010000010101011
01000000000100101001101001000110010010010010010001000000000101000010111000110010100001010101000111000
00000001100001010010100110100000000000010010000100001010000001000101000111001010011001100000000001001
01000001000100010000000000010101101011101000000000000000000101011000010010100100001000000010000000011
00001010000011011010100010000100000000011001000011001001111010011011100000100100010000000000010010100
00110000001001110001000001000101001100000100010100000010111001001110100000011000100000000001000000001
01111010000000000000000011010000100010010010000010001100100001000001001011000101101001000100000000101
01000001001000000100000100000010011110000000010010110000010010111010100100100001000010100100100000010
00010000000000000100000010000100100000000001010001000001000000001101000011010001001000010010000111110
00110010001110101000011000011010010000001000010001101000110001100101001000000100000100110010100100100
00000110100110001110001001000000001100000000000000000100001000000010010000100010011110010100000000001
00100101010000000001101000001000000000010100100100100000001001001010000000111101100010101001100100100
00111110010011010000000000110000001011100001100000001000101111011010001001101001100001001110001010001
00001000110000101001100000100110000001100000010100000101001001000000000000000000000001010101010010101
01011000000000010001000001001011001011000001100001001000010001001000000000000111010111110000000000001
00010111000000100010010100010000100100011010001000000001010001000101010010100001001010001100010011110
01000101100000000101000010011110000000100000010000010100000000100010011011100100001010100001000010000
01000000100010101110110000100100000000101100001100010000100110000010110000100111011101000100000000010
01011100011000010001010100000000100101000111000110010000100000010010000100110000100000000000000011011
01010010001100000001100000100101000000000100000100000010001000010000001011000001000000010000101010001
00000101010100000000010010000100010000010101001011010101001000010011000010001000000011000001100001001
00010010001000100000001010000010000010000000000100010001001010000000011000000101011000100001110000110
11000001010001000010010100000001100100010110110010010010000100001100110000000000010000000000000011100
00001010000101011000100001010000100010110010100110000000010011001010101000000000000011000111001010010
00000111010111010100000001011100100100101000000010100111000101010101001000101000110000000010000010001
01001000000101000001110110000010001011010000011001000010010010000000100000010000001011000010001000000
01101001000010000010000100100000100100100000100100001110100000001010000000010010011011000000110000110
10001010001100100010101000001000011001100000101010000100001100010001001101100110000100000000000011001
00011010100001100110000001010001011001101100010100000000011001000000000001000100000001000001001000001
11101000010000011100100001001110101010010110000100001000001000000100100000000100110110010001000001110
01000100000010101000000000101001010010110000001000001000001001100001010000110011110010001000000010010
00000000010110100001011000000000000101010000101001110010000010010010010000000000000001000001110110010
00001001001000101001000111001000100001000000101000000000000011101001100000100000101000100000110000101
01001010000100000101010101010000000010100010010101010100011000001001001001001110101000000001000100001
01110000010000000000010000011010001001011000001100111010001100000011000010010000000001010001000100100
10001110100000001001010001000010000001010011000100100010010110000000000010010000110000001110101000100
01110010110100000100100100010010000000000010001101001100100101000011001000101100101000010101001000100
00000101110000001010101000010000000100001000010010101000100000010000010000101000010000101101101011001
10100000000100011000001001000010001011000000101000100001100010001111000101001000100011010001001110010
11001001000010000101000100100011110100010001001000010000000000000100010100111000011111000000010010101
00010000101000001000100001000001001010101101010000101011001100001010011101100000100000010000010100010
00000101000000001100000000000010101010001000101001000011100011000100101010001100101100100000010000000
00000100000100001100000101000100000001001001010010000000011111001010100100101100110110000000110000011
01000000010010110000110100001001001000001011001000000000000001001100110010000110100101001010000000001
00010100000110110100000000010001100100000010101011001001110000111011000001001010001011011011100100000
01000011001000000111000100000000100010010000010001110100001010000000010110110000001010001010100000011
11100010000000100110010100001010001000000011000010000000011110000000011000011011000000000000001000111
00111100010000001000011100000000000010000101000000010011000011101010110011101100100010000010001000000
01000001001100001010000000011100000000000000001100001000001010000001011010010000010000000010101000100
00001000000100111100100000001010110001000110011101101000000010010000100010011000111001000000100100110
01101001000100110001000100001100011110111110000010111101101001000011000001000010000101000000000011000
01000000001000100000010011010011000000011000000010010110011000000100001011110000111000010010100000001
00011000010000001011100010000001000010101000010000000100001011110110100000110100100100000010010001110
11000001000000101100000000100100011001011010000000001111100001110000100010001100000011010000100100010
00000100010111010000100010010000001110011101001000000000001000000000000100001010101000101001100100010
00110101101001000000000010000101001100000001001000000001001000000010010011001100110000000000001011001
11011010100101000000000000010010000100101010111001000000001000000000010010001110000000000111011011000
00000100001001000111001100000000000101100100000010110110001001001100000100001011001000000100001000000
00000010100100100100000001011000000000100010101000001001000101100000000110000000000001010101111011101
01000000000010010000000111101010110000101011101000000100010000000110010000000010000101000100000010110
00001000001100100101010000100000011110101001110001000000100100010000100001010110000000011000000000110
00100001100111000001000000000100011000100010001011100100001000010000000000001011011000100111000000000
10000010001000011000000010001001001000000100010000001010001001000000000011000010100000100000000101000
00000000011101000100000000000110010100101010101000001000110000000001001010001011010110110101000010010
00101011000000000000100000110001100101000100111110110010000110000110100010000000000010001001100101100
00000011000100000000101010110010000110100100000000011110010110011010101000001010000001010000000001001
00101101001011011000100000000000011001000100000000000000110101000000011010010100010100010100100000110
01001100000000010101001100000110110110100010100101100011000110001000000000101100101000000010010010100
10001000000000000100000000000000000000100001010000000000000100110100111000000111010100001010000001000
01100000000111000001000001110000110000000010110000000001001011010100101000000001000011000001010101100
10010000100110000101000101000000100000100001000000000000101100010010101011000010001010000100000111010
00001000000010000010101010100000010100000000000001100100000100100101000010101000000000001001001000010
00000001010010110000100100110111010000001000011001000000000010011010100010111000100010000000100101001
10000100001000100011101100010000000100000010000010100100001000010000001000100100100100001110101001001
10100110000000000000110000100101010010000000010011100001010000000000001001110000000001100000000000001
01010110100100000001011000000010100011010000011110010010001001011011011000011010010010000001011011000
00101111011000001000100001000101010010011100000101000001000000000000000100000000000000000010111011000
01001000100000111100000000000011001000010010000010011001110010111010001000000011011000010001000011110
11000010011001010010110010101001001010010001110110100000000010010010001110100110000011011000000100111
00001010000100001011000100100000000000010100001101010000100100000111101011000100100000000101000100100
01000011010001010000001010100100100010101000100001100100100010100000000000000100010101110100100101000
01100000000010100000000100101101001000001100010000000000010000110000000101000000100001010000000100001
10010010010001000110101111101101011001010100000010111000000000011110001011000001010100010001100001000
10000001010100001101100000100000010000101000000010000000000000000001100100101110010100000001000111011
01100010110000000010000010000010010100001011000000010000010001000000001000101000110110001001000011010
10010010010001000000011100001000001100000001000000101000000001010000100011000000100001001000010000000
01100010000000100010001000010000101101000011010000010001000010001010001000101100101010101110100101100
01001011111001101100000010110111000001110101001110000000100001000000010001000000011011000000100000010
00010101000100001000000000011100000000000001001101000000000000001000010000000001010010001001101000101
10010000100000000100001000010000011010000010000001001100000110101001100000010110000010000010011000001
