00000100000001010001000000010010000000010000010000010000000010100101000000000001000110001001100111000
01110000000010100100000111101100010000100001010000000000010101001110100000000001001000100110001000000
00000011000100000000000010100100010010010000000000000001010000011010110000010000110001000000001001100
00100000000011000111100101000000001000000001010011000101001110011000010001100100011001000001100000111
00000001100000001011000000000010000000000100000000011001001101010000001000011010000001000000100001100
00000110000001100011000001001011000000001010011000010000100010000011010001000000010001110010101000100
00000100000100000000001010001100100101100000000101011001000001000000010010100010100011101100010000000
00000110010000100000100100000000100100001100011001001010000001000010010010001000001000100000010000110
00001000000011000010100101001000000010000001010000010000001110010100000011100011000000010100000110011
00100001000000000000000000010000110010110100000001000110011100000010000001000000010110010011001000000
00000000000000101111110010100010000010001000010001010100000000000010110000000000001000010001000101001
00000001100000011000000101000010100011001110100110011000100100000001000010001000110010000000000100100
01011000010000010000000000010000000010000010000100101011100000000101101010010000001010010000000000000
11001011000010100000001000100000010100001000000010000000110001101100101011110001011001100100101001100
10011101001000001000000010100100010101001100000100100010100100110010010000001101100000000000001000010
00100010101000011000000011010000001000100010101001001110011010100000101000010000100100010001000010111
00111000010100000100011000000110000000000000100010010110111100000000010010011000001010000000000000001
10100011000010000101100110000100010010100000000001000101000100010001000001011110000101010011000011010
01000000101010110100000010000100000001011000000011010001010100000010000110000100001010000011000000010
00010101101011001101001001100000001001001100001100010010000010101100000001001100101000000100000011111
01000000000100000000100110000000011101001110000000010111110001010100001110000000001000100111100000100
00100100110010110000010010000010110100001000010000000000000110010100010010110000000101010100100010000
10000100001001000100000010100110000001001000000001100000000001000000001000110000100001000010001011001
00010110000001000101011001001001100001101000001101010100110000000001010111001001000100000110100010001
00101000111001100010001011011000100001100011001011000000010001010010001010110010000101000100100100000
10000010000000000100000101100110000001101100000011001001010000000000100000000100011000000000010000000
00010000000001000100000000000010100101000001110000010000110011101000110011000000010000001010010001000
00101000101000000000000001000001100000010100110001101101001111101110101001000000001101100001000010000
10010110010100000100010011000100000010100001000000001100010000010001001001010010100011000001000000000
00010010101001000000001100010101000000000000010000001010010010000010101000000100010001000001011101101
10000100001010010011100001000000010010000100001010000001101000000010001011001000101010000000010000010
10000000000001000011000011000000000001000001101110100101101000010001101001111001010000001000001000001
00100010001111100100110000101000000010000001100000110001000010101010100000100101001001000000000100011
00000001000110010010000001100000010101010110000000000000000000100110000001001100000100100010010000000
10000100100001000001000010000000001100100101011000010000010000001010001001001001110110100111000000000
10000110111010001000110000101000011011100000101000001101000001100100000001100001000000000000000100100
10001110110001001001100111101110001000000000110000111010010000000000100110000000011001000010111000111
00000011000000010000110110000001011000101000101000010000001000010010110100000000000010000100000010100
00110011101110011011000100001101011001001111100011001101100100001000000000101010000000010110010011000
01111000100000000010010000010000100010110101001000001000000011000101100000111000010000011000011011000
01000011010101111010001000000010010000011010000000100000110110110010001000011100001111000101011000110
00101000100001010010000010000001010000011000011101110000010100000011101001100010111000100000000000001
01100010100000110100000001101000000000100000010000000000010001000110001100011000000000000000010000001
10000001001001100000001000011010001000000001010000000001001001001100000010001001001100100100000000100
00010100000000100001000010000100000100011001000000000010000000000000000010100100101000011000000101000
10000000010000000000011001001001101000010011010000000001100000110000010001000100001101000001000100110
00000010001000101000100000000000000000000001101000100001001001010000101000000000000000011010010110100
10110010000001010000100010000000001000110000010110000101100001010000101001100011111000100000000110000
10100000000000001010100100010000000100000001100010111000000000100000101000100000110010001110010100001
00000000001000001000100000001000100100100110000101011010010000010100100000000000000000000000011110000
11000010010000000101001000001000000011100001110101100100000001000000000001010000001001000100001011010
10000001101001111000010000000011100101010100001001100110000000011100000000001010011000110101100000100
00010000010000001011000000010000001000100000000101000000110001000100010100001010100100000000000001110
10001100001100010000101100100101000010001110100000100000010000000001100000010000011000010001000010000
10000010001101000010111000111100010000000001101000001000000011111101010000010100000100000001000000000
11000000010011100001110101000000110000000001110000110000010011010010100001010001100100000011000001001
01000011000000101001000100011011001000000100000000000001010010000010011000101100001010000101000000110
00000101000010001111000001001011010001000111000111001000000000000010000000010010100101100110001011001
00101010011010001110011001110000101000000110000000000000000100000000000000011000000100100100100010110
00000100011110011010110101100001110110101100001000111001110000000100001010011000010101111000010000110
00010000000000010000101000100000000010000001001100000001001001011110011000000001000110000010000100000
00010111000000011000100001010010001110001100011010101000001000000000100011000111001001101001010110010
00011000000110101011010001100101001000000000000001100101001101000001100000011000000100001001000010001
10100001001000000000110000000100101010000101101001000001110000001011000000000001100100101010000001000
00011000100110010000100110100001101000000001100000101010010000100010101110000110011010000001000000101
00000110001100101010010001110000000000100001000000001110001011000001010100000110010011001000000100000
00100010001000110010100100001000000001010110100010101100000100000011010100001000011000000010010100000
10000110000001001011011010000001000010000000110000001011000000001100001000010101000100101100000000111
10000010111001000010000110000110001000000000000001011000000010110000000010101110001001011001101000010
00000000110000001000010010000100011000001000010010101000010110100110001000010000000011111001100000001
01000100001010000001101010011011001000110010011000100011010101001000011000001011000100000001000000110
00010010100001110000000010000011100000000101011001001011000100011111000101100010001100010011001100000
00101110101000010001000110101000000010011100001101100001000011010001001000000010001000010100000001010
01000001010010100010000010000100000001100011000010100101010000000100100001000000000010000000000001100
10010000001000000000100010010100011101011000001000000000101000001011110100000001000101010000000010001
10010000011011001100000100010100000010000101000000000000011011000000000110110001001000000100010011000
11000010001011000100010100100000010111000001010010001000000000001100000001100000001101010000110100000
00001000000000010001100100001100000000001011000000001011000110001000110001001110100000000110100000000
10000110101000011010000000100101100011000101000111011000101000000100010010100100110000000000000000000
10001000001000110010110000000010101001001000110100100010010011000000000010100011101111000110000000010
01100000000000010011100001011000011010001010100110010010000110000000100100000100000010000000000001001
01000101110100010000111001000000100101100010010101011011100000010100000100001000100000001110010101010
10000101010101101010001011000110101001000000000001000101011000100100111101010001000100100110001001011
01000000000100101110110010101001010001010000100010000000101100100000011000000110010100010100100000000
01001011100100000100000011011000100010000010000001001000000100100000110010000010010000101001100010001
01000011000001100000001000000001010001000001001000000100011000010000000000000100000100010010111010001
00111001100000100010100100000111001001101010000001001100000000110000110000100110010010101000001001110
00101110000001100000001000010000010010000100001000000000000011000001101110000001011111000000000000010
00100000101000010110000111000001010101111010010001000100001010011001000000001110000001000100001000100
00100010000010010100000001101000000100110110110000110000000110011001000010110110000100011000000000111
00100110010000000000011000000001001011001001001100100010101101000000000100111001000001001000001101000
00010111101011100001110000011110110000010000010001010000110000010010100100000001000000111001000000001
00100100101000001100000110100001000000100000101000010000011010010000000000010010011000011000010000110
01000001010110111010100010010000100110001000100100010010100000010001000010110100110011010010000000100
10011100101000000000100110011000000010010011010000000101001000100000001011000110000001101000001100011
00000110000100001100000000000000010000101011001101000010001000000001100000010001010010000001100000010
00000000001000000110010000010100000110010101001100001100000100100100000111000110010010110000000000100
00100101000000101010100010000100100111100100101010100110000101000000001100010100010101000100101100100
00000010000101010001010101110100000000111100000010001010010000001000010011110001001100101000101000000
00010000000010000000001000111000100101100110001010010001010000110000010000010010100010000000000000000
00001111001100000000000001000000000000000001011000010000100000000000100000100010010000000101001010010
