00110010011000000100010000010000010000011011100010000010110001100010010101000000100100010010000000001
01100000010000010111010000001000011000010010101010110100100100001010100000100011001110000001111100100
00011000000100001000001000100100100000010100000000000000000000010111000010010100010010100101100011001
00100000000000101001101011011100010100000000010000010000000000010000110010001101110010000010100110000
00001000010101000001000100000000000000001100101001111101001000110100001000110001011000010110001000000
00001110000100101010000011010000110100010010111100001000000001011000001000000000000010010000100101101
00100010000000101000000000100000100100011100100111100010000001010000000011000000000001001000001010001
01000010000111100000000010001000000010000000000001010001000000000001110001000001010000100100000000010
11011110001000100000010000000001000000000101010000110110000001000000110010110000000011100010011000100
00100101001001110011010000001000010110000000000010100100001000101000101010000110010100001111001000000
01001101101010001010110010100000101100101000000110010100100100011010000000000000010000011000001000001
01110001001100001000000011010000000000000001110110010100101010000001001000001101110100110000010101000
00000000011010110000100001100000011001000000001000100001011000100000000000010001000110000101010101101
00010001000000010011011000011000100000000001000100000001110001011001101101000001100100001010001000010
00010000011000000001100100010000101000001100000000100010001100100100101010100100010010000011011110000
00100010000100000001100100010010100000001001110000100000011000010001000110000000000010100001100000000
10000110000010100100101000000010001000001000110100110000111000010000000100100010000001010000110000001
01001001110000010011000000011010000101100010000100110110101100000010001010000010001011000111010000010
01000110100100000000000001001100010011010011101000100001000001010111010100000000110110000000000100000
11000010000000000000100011000100100000111000100100000000101000000100010001000100010000000001001010010
00000000111000100110101010010100100010000101000001000100000100110000000100001000100000111100010110001
00001010000010010010000100000111011001010000011000000010101000100000001001010110110110000101010010010
00000001000000000010101000001100110100010010000000000100000000011101101001000010000010100000000011100
11100110101010110011001000010011000000001000001001101000101011101100000011100001001100010101100100000
00101101001000100110000110000010101100010100100000000000000100100001101100010010110000110100100101100
01100000000101011000010100101000000101011101000010000000011011000001100001001000000000101100010010011
00001011001110000000001010100100101001100001100001001111100010000110000100100001000111110000000100100
10001100100000001100110010111111100000001011000010010100101000010010100101000001100000010000000000101
01010000110010000000100001000000110000111100100001001110000010000101000010111101100000110000000001100
10110000000010000000010001101000010000000111110100001011011000100000100010111000101000000100011000000
00000010010010000101100110000000001000000000010010000011101011000000100001000001100000001001000111010
10000000000000100001011001100010000101001001110001001000110001100000000011001100001010101011001100000
11000000111111001010000001101010010000010000011000000001000000100001001001000110000001110010000010100
00001100000110000001000000100111010000000010011001000010001000001001101001000000000110000100001110010
00100000100001000000000001010000001111000001100010000011010100000110101000000010011001001010000001011
01000101100100001010011000100010000001000001000110010000001100100000010000001011010011000110010100000
10100000000000100010000010010000001001000000000100011010100110110011100110010000010100000100000000001
10100010011100000000010000000000000010010000010100010001000110001000000101000111000000000000001101000
01100101010010010001011100010111100000100001100101001100000000010110000001001000000100000000000001000
01000101000001100000001001000000011000110100000011101001110000100000110000100100000000010111001010011
01110111000000000100010010000100010011110000010000001010000000001100001000000001010010001000010111010
00010100010000000101110000100001010100000000011011100000011000100101000110010000001000000000001000100
01110000010011000000110100000010010100010010101100000101010000000000010011001010100001000101000000000
01010110100101000000000000010001100110101010000000000000001010001011001101000100010001000010001000010
00000000000000000111000011001100100110001110000101010100001110101110100001000010101110000010100000000
10100101000000000001011000101001110000001010001000110000100011010000000100000100101110001100000000011
01100001100001001000110000000001001001000000000010100000100000000001000001100101010000100001000110000
10100100100010000110100010000001010001101000011011000010000000110000010010111001010110010001000001100
00000100000001010100001100000011000001001010100100000100001000000101011000000000100100000101101010010
10011000100110010000000001110000000001110110010000100001101100000001010100010110000000001100000100111
10001000101000000000110100110000110100000101000010010000000101000001010000001000111011000000101000001
00110110000000010000101000000000010101011001000101010101000000000000000001000000101100000000101100000
01000100000110001010010000001010010000001001000001000100010101000011001000010010000100000001000011000
00101000001001001001000101110100101000000000000001000110100001011010010101000001000100001000001110001
01011000100010001010001000100011000000100111000010010101010110010000010001000011010001000001001110010
00010010000100000001001011100000001011001010010011000000010110010011011110000011100001010010000000100
01000010000111001011000000100000000000011001000001000101001000010001101000111100100100001000011000010
00010000100010001001000100001001001000110100111001000000001000100000110001000001001010001000010001010
00010001101000001101000100010001101000000001000010101100000000101100000100100001001000000111001010001
11000101010110001000111000000011001000011000011100010111100000110000011100010000100001100100000000000
01000100001100101000001000000010100000100001000010010000101000001000001000101000000001000100000000000
00000101110011100101101010011100000000000001000000000000100100001011010100001010000000000010100010000
00000001000100000000000000010000110000010101000100100110000011001100001100000101000010010100010010100
10101011001000000001000010000010000000100010101000000100001000000100000010001001001000000000000001000
10101000111100101010000100000001010100110011010110000100100001010110010000110010001000000000100101000
01000110000001010100101011001001100000010001001000000100000100100011010100010110000110010010001000100
01010000110110100000000110100100000010001100011000000010101001000101000000001000010001000000110100000
00010001111001000100110001100001101001100000100000010000100011110110000000010010000111010110101100000
00100010000100001000100000100001100000101100100100000100000110101001100000101010001000001010000001000
01001001100001000000011010101000100100000100000001100001000000001001000010010011010000001100010100001
10110001001010000010000000101001100001001001010000001011100010101000101101100011000001001100110100000
00001000000000011000000110011000000101100001100101000000011000110000010011000000100000010011100000000
10010000101000001101010011010010100111001000000000000000100000001100100011001000000000001000001011100
01010100000100000101010000100011010001010001000100011110011010000011010100100010100101110010001101001
00100000101001101010010010100010100000000011000000100010000000001000000010000100011101001100001100000
10001101000001000110010001010000000101010010000000000110001010010000000010000100000100110010110001010
00100000000001010101000000000000011011110001010011000000110000010110001010000100001000000000100001000
00010100011001000000101100100101100000100000000000110100000001000010011000110100100000110011011000011
10000001000010100010000001010010001010100110000000100001000000001010100010100110000000100110100001100
01010001000100001000000000000000110111001000100010011010100001100000000011100100010000000000010000001
01010000000000100100000001101100010000110110000001010011010110110100000110000101010011001110011000000
00101010110000000000010101101010100101010100000010101000000010001000100011010100010000100000001100110
00010101100011001101100010000111100001100010010011100001001000001000000110000100000000101000110001011
00100000100001100000001100001001001100101000000000011011010000010001000000010010010100000000010010000
00010000000110000000001100000010100000000000001010111010000110110000101001000000101010001100000000100
00010110100000000100100000000101000010010100000000100100011001000110010110010001100101000000001000000
00010101100000000000000000100001010000000000010000100000101001000000111100010100000000101000000010011
00001010000010010010011001101001000010000001010000010000101100110110100000001000001011000000001010100
11110010000100000110100010100010010000100000011001010000000010100000010011100010000000100011000001000
00001010001001101000110000000000101010100101000000001010100001000110000000100010011100001000100000100
11000110111100000000100010001000011010001000000000100000010000001011110101001001101000100000001000011
11010100000000000001000001011100100000100000001011000011010000010100000011010001011010001010000011000
00010000000100001010100100110000010100100000000110101110100000010001000100010101000101000000000000000
01000000001100100000100101000000001000100011010010010010010010000100100001010110011010000001000110100
00101000000111111000110110100000001000101100101110001001000001000001000100011010001000010001100100100
00000111001001000001000001000101010100000111000001000110000110000000010001000010100000000011001000001
00010000000100110110100001110001100010100000001101000100000001000000100110101010100000010000101010000
11000010111000100010100100000010011000011010100000000100100010100100010100110100000100000000001110000
01100100011000011001000001100001000101010001000111001000011010001000000001001000001010101000000000001
10001001000100001010100100000001000010001010111100010001010001000000001110001000000110000111000000001
00001010000100000100000000010001000100100100000101000010000000100000101000001000001000000001010100110
