10000000010000001010010000100010001001000101001100100000010000000000001010101001001000000001000000000
01010100011100001011011110101100001001000000100001000000000100000000000000010100001111010100001011110
00001101001000001001000000001000011000001010000000010001001100000000000001100100001011000000010001001
10001100001001001100010100010001100000011000101101000000100010111000000100010001000010110000101000001
00001010001000001000010101010010100010010000000101100000000010010010100100000101000001100101000100001
00000100000100000010010101111100000100110101001000001100000010000001100000001101010000000011001101000
10010001111000100000110110000000001000010100010000110010010101000100001110001000110110001000110000001
00000001100001000010001010001000111000001001101101001011100010000110110101010001100000001110010000010
00010001100100000001111010010000001010100000010010010000001110100000001100010110111000100010110000000
01101101000000000000010000100000001100001010100010101000000110000000110110000001000010000000101101010
10010001100000010000010010000110101000001000001011000000000111000000001001101101011000000110100000100
10100001100011110001001000011010100000010000001000011000001000100011011000011000100000000101010100000
10010001000000011110010000001101111100000000001000100000100010000000010000001000001000010000101000010
01000010100000011001101000001000010000010000101110010111010000001001001001110100010011000001000100001
00011000000000000111000010001010001000101000001111000000001000100001110101100000100100100000001011000
00010111100110000000100100011100000000010000000001000001000001000101100000110000001000001010000100011
10001000000000000000000000000100101000110010000010000000011010000010000100000001010110000001000000000
10000100000110111000011110000000000000100001011001110000001010100000101010000110101011001001001000101
10001100000010100110000010001001000110000001000000010111000101010100001100100010000000000010000100000
10000000001010010010110010000000000010100010100000100100000000100111000010001000100101001000000000000
00000000000110000011000100000100110110100001001000001000010100000010100000101101010100010001100110100
00000000010000000110010001111100000100100100011101100111000000000010011100001000111110000000100000001
10100100010000001000001011000000100100000000010000010011000001010001000010101001100010001000000010010
00000001100001000101000001000010110001000000100110100100001101001010000010000100000000100000001101110
00000110010000100110010100100010010001000000000101010010001001100101000100100100010110010100101010000
00000010001000001010101000001010101001110000000010000010101010101000111000100000100010000110000000000
01000000010111100100100010111000010001001000110010001010010000000000100001000010100000000010000100000
11110000001011001001000000100101111000100000000001110101010101011111001010000010000000100000000100000
00101001100001000000000011011000100010000100000000110000000011000011000010100000001000000010000000100
00010100000101001001001000001101100100000110000101001001000000000000001000110101000100011000110000100
00000000001100100100000110000000110000010000001100100000010001001010000000000010110000110000000010000
10000010000100110001000101000101000011001001000000011001110100010011010011101000001001110000000100100
00101000010110001010001000010000010000000000000001000000001000101100100010100000010100000010101111001
10000100000000101010010100000001001000001011010001000011000001010000100010110000001010010111010010001
00110000111110000110000110000000000000001000000001101000011011111100000001000001101100101000000011000
00000010000001000001010110001000001100000001101110000110010000000010010000010011000110110100001001010
10010010000000100111100100100001110001101001000101000101110010010001000001100000100000100000110010000
11110001100010100100001011011001011110000000011101000010001101000000001100000100000000101011101011000
01010100001000101100001010100011001000010010000000100010010000000000001000001001010100011000000101011
01000000100100100000000100000100000011110010100000001001010010010010000000100010000010010011000000010
01111100001000001100001100001101101100000001000001101010100000001001001101011000011001011000010000010
00000100110100110110010010000011100000110010000100011001001000001000100101010001001100101000100110100
00001110101010000110100100001100101000001110001101000010000000100000001001100001110001010110011100011
00101010000110010011000010000000010001101010000000000001111000100000010000000100000001001110011000000
01000000000011001001000110010010000001100110100001000000100000000001001011100010101111000000011111110
10010000010100100010001000100110110001010000000100001100010110000100001000001100110000110100010000000
00101100000000100001001110001010110001010110000100011101111001000010100100001010100001010000000010000
10110000000010001000110010010100000001000101101000000010000000010011000100000010000000001001001110100
00000000100000000100000101001100010000000110000001001001000011001001011100110000000000001000101000000
10001000111111010010101111001011010100001100000111110010100000000001100011100001100000010100000010100
01101110001000010000010001100000010010101000100000010011000000000000010000100001101010001010111110001
00000100100110110101001010101001100010100000101100000100000001000100001000100010000001011001000000000
01001000000110000000000000011000101000100000100100001100001000110100001000010000000100001010010000011
00001100010110000100010100010110100000000011000001010001001001000000001001001000011001111000100000010
11001000000000000111000001000010000111000000010000100000001011000000000110101100010100000000100001100
00101001001000011100000000000110010100101000000010010001001011011101100110110100100000000000000110001
00000000010000010000001100000000010000011100001110000000110100010100011100100000000100011000000010010
00100000000010000000001000000001000001100000100000010000110000001001000000100010000110010010000001010
00010000100000000010101001011000010000100010000001000000000000000000100001010000110100010010010000100
10010100010100010000000100000001100010010001110100000001110000000010000010110101010010001000000000100
01000010010000000100000010100010000000101000010100111000000000010001100010110000100100111011000111100
01001100000100001001000100010001000000010110001000000001101010000000001010000000000001010000110000000
00100000001100110010001100000000000010101001001010000001010110001001000010001101000000000000001001010
10110000100110000010010000001011000000010110100110010010000100010000011001001000001101000011001000001
00001100100000000001110001100000011000100001000000000010100101011000001100000010100001100000000000000
00000100010000010001010110001100011011000000010001001100110110011010001010101001010000111100001001010
00110001010000010011000010000001000010010101000010000010100010000000001100000101110000001010000100110
01001010001010101000001000011011110101001001001100110010100000100000010100000101000000101001001000011
00011110000010111000000110110010000110110101100100110000010010000001100001000000010001001100001010001
00000001100001001001011000011101010000100010001001100001000001000001010000001111110000000100100100000
00000100100010000000000000000100100010000110001000011000000100010000000011100001100001010001010100000
11000110010000011000011011101001100000001010110010000010010100010010001110010111000000010100010101100
10000011100010000101100011000110011101000010000110001100000001000010000000011000000010101100010101110
01100011111100000110000100011010101001000001100000010001111100000001000000001010010000001001001100001
01001010000000000100100000001100000101000000010011010110111010000011000001100000000000000000101101001
00100100000001000001000000010100010000100000001000010000000000100001010110010001101010110000100001100
01100010100000110000011010101100111001010000000000100110000011001000000110011000110001100010011000110
10001000100100101001000010100011101001010000010000000100100010000000110000101011000000001001010110000
10000011101100000100000011000001001000001000110001000001101100100000000000011000000100001101110001110
10110001010111000000100000001000000111001101101001100001000010110100101110000000001001000011101001000
01010011000001010001011111000001010000000011000111001010000100101011110110000010101100100010001000110
10001010000011001000000001010010101000101000000000001000001111000011000110000000000101000000100000111
00000000000000000001000001001011000000010000001000001001001001000101010001010100001001000000001011000
11010000110000101010001011100001110000000011100000001001010101001001001010100001000101110100000000001
00010011101001001011001110001000100000000100000000100010000101010001110001110000000100000010001000000
00001100001000100000010000010000010000000010000001001010101101001010000011010000010011011010000100100
00000010000001000000011010000100000100001010000010100101000000000110001001000010111001100011000001011
00000010000001111100101000000100010100011011001001101001000001000100010011100001001001000001000000110
10010101000010100000000001110001001010000001000001010000001111010000000100100101010100010100101000000
00001000110000100001010001001000001010000000110001000000000111000000000100000000010010010001010111000
00011001100110000010100000111000110010100100000000010010110100100000010010001101100001000000000101000
01000110101111010101000001000100000100000001001010100000101000010000001001000000100001110100001000101
00011100100001010010010010000100010100011100110000000100101010100110001010000111000010000001010110000
00001010001011111011000101010001000001111000000011010000010010100000001001010100100001100000001000010
11100001000010100001100101000101011011001000100000011110010101101100011010011010010011111101000001000
10011110010000010000110000000001101000000001010001000111000100000000000001001110011100010101000000001
00001101010110000010000100011100000110110000110110010000100110101000010111100000000000010001010000010
01110000010001001110000101110010010100101000000101000000010000110011100000100100101001001001011111010
01000001011110011000000010001111100000000000010100010000000000010001000110011000010110100000010000100
00001000010010001000000001100000000010000010000010000100001000000000001001010001010000011000010000000
00001011000110010110000010010011000100100100000101001010010001000101001000101001100000100001100000000
