00010100000001100000000100100110000010100001000101011000011101001100000100010100000010010001000000000
00000000000001010101001110100010100011010000000000101000110011000100001000000010000000000010101000000
01010101000010000000010000000010100000001010000000000101000010100101000000001111100101100000000011010
01000001111001100000111110010110000001010100101000000001010101010000111001010000000100100011101100000
11000000000010100110001000010001100000100000000101000010010010001001010110001100000100000010001011100
11101010000011000001000001101001101100000010101000000100101000000000100001001000000000010000100101001
00010001100000000100010010010001000110000000110100001100001000000100010000100010011111010000010000011
00010001011010000100110100001100010011101001000000100000101000101101011110000010001010100101101011000
00000010000100001111001110010000011001100001000101010001101011000001000000001000010000010110011010000
11100000001010000010001011010010100100101000101010000100000001000000001101101000000011000010000010110
11001100000110100000100001000101000110000100000000100010100100000001010001000001100001001100110100001
00001000101100000000010111001000001001000000010011010010000100000010101100110000110000001000000000111
00100001000100010010010000101000001000011010000000101101010000110010011100010100000110010000000000000
00100000010010010001001110100100000110000000000000001010010000100011010100011000000100000101000000001
00011001111001000010000100000010000100100001000101000001010010001010010110111000010010001010000000000
01011111100000000001100100000100101100000100001000000000000001000100000100000100110100011000000000010
10000010000000000010001000010011010001100000010010000001100111010000101100100001011000000000001110001
00010111001100001100000000000101010000000010000000100110100101000010100000000000010000001100000010100
00000000010110000010100000011000000100000010101100010000111000110000100001110110110000011100010000001
01110101111001000100000000000010001010000010010011000010100010011111011010010000000110110000010011100
00000100001001010110101100000010010000000000011000101000001001010100000000000000100000000000010001010
00001101010001000100011110110000010100010010000101000000100100100101000010000100100010000000000101001
00100000000100100100110010010100010110110011000010011110001100010000011001100101100100000101100000000
10001010010100011000000001101010100010010001000000111001001000000000011010110100111100000010001001000
00001000001000000010000000110000010100010011001011100000000110000000001001011011000000000100101001001
00100000010010000000011000110100010000000001000000000000010111100000000000001101001111010000100100000
10100000100011000000011101011001000000000101011100000100100000110101000000010001100111010000000101001
00000100001101010010010001100001100000101000000000111111001100000101011011100110001000001000010000000
00000010100100000110001000000001000001000001010000010001010000000000000100000001001100011000111010000
00000001001000000000001010101000101011000010010000000000001100000100001010000010000000001000100000000
00000000000001100010000000101110011001001000001001000110000001001000001110001111000000000000001101100
10000010000010010101001010000100100000010000001001011000000000000000000001100001010000100000010110000
00000100001110001110000000101010000000100000000010100000100100100000000000101100010111000000001001010
01100000011001100001000010001000000110000010101000000000010000100010011010111000000100000101100000000
01100001010101010010000100011010001000101001001000001100100000100011000010100000001001100000000001000
01001000000000000100010001101010000001001000100100101100000000001111000010001001001100001011000000000
00000000010011000000001001100100010001000100101100010000100001000000000010000100010000000001101000000
10011000011000000101000000011000000000000100000100010010101000010001001110001010100000000110000100010
01010010100110110000100101000010000100001111101000011000010000000100001011000100110110110010101110000
10010000000011100101011010010000000001000000111111001001110000110100100000100000010011000101001000010
10000110100000000010110000001100000000000111010010000100000010110000110100001000001000000010000100100
10000111100010101010101000101000100000000001010000001001100011101001000001000000010110001100001010100
00000000010000010110010001010100110011000000001101101000000110101000000100000010001010110011010000101
01100000000000000110000110001011000110001000000100010100000000000100000010100001000011000001101100110
00101000000010101001000011101000011101000000100000001001101100010010011000001000000000000000010010101
10000101000000010000110001000111101000000101100001110010101010000111100100011000100000000110100100100
11000001000001001000010001000001010010001110011001001001001001110000110000011010010000001000101101000
01100100010000101100110010001100110000000000000101100100000100101110100100100100000110010011010001100
01010001010010111010000010000000000010001000010100000100010000110001100000010011001001011100110000000
01010100100001100001010110001001000001000101101010010000101000000011000001000101010100101000010000000
00100001100000000000001101011100001110000101011110101000001001000010110100000011000100010101000000100
01111101100010000100001001000000000100010000000010000000000010000000000011110000110000100000000010010
00001000000100000011000000010000001001001001000000010001000110011000011110000011000110011000100011000
00011111000000101001100100001000000001100000100100110000110000011001100100000000100001000011101100000
00100000111000010000000011000101000100011101010000000011100000100000001000000010000111100010100000001
00001000000010100100000100000101001000101001100010000001010001010000000001010000000100010100110001110
11000000100000001011010001001101001010110010010000000100001000101000011000010001000011001001001100001
11100010001010101000001001000100101000010101001001010011000000000000000110010100101001000000100010010
00000001001101000010010001010001000000000001000011000000000111000000001000001000010101001001011110010
11000000000000001000000101011101001100101000000000000000101000010100010000100010010011000101000010000
00000000010001000000000010010010101010110100010100000000001001100000000100000011000110100100010001000
00011010000000000001100100000000100000001000001101010000100000001100000001000000000010000000100011000
01010101101001000000101000000000101100100000101000011110000000100001000101101010000000001000000000000
00111010011000010001000000010010000010010001100110001000111101000000000010001100100000010101100001000
10100010110001101000001101010111111100110000110100010110100100001100000001101010010001100100100000101
00010100000000100000110000000000000100011110011100110000001001000001000010100010101010010011000001000
01010100001000010100000101000000000000100000010001000000010010000101100000100100000010110010000000001
00000000100010000010001010010000000000000100100000000010000100000010100000001010100101001001000100001
11011101001000000000100110000001110101101001100010011000101000000000010000000001001011000001100010010
00000100101000110100000110011010100000010011110110011011000000100101100101001000000100010000000000100
00000010001000010101010001010000000000100000010001100100000001100010011000110000110001001000010000010
00010000000110000000000110010010010011010010101011000001000010100101010010110010101000110001100010001
00000101000010101010010000011110010001001001011000001011000001000000101000000111000010100000000010000
10000011010011000000000100100010101000000000010000100100000000001100010000101001000000010001010000010
00110010110000100010000001010000010001011010100001010000000100000100010100000000000100100000000010000
00011000001100001010000100010101010000010000000010001000000000001001000001010011001000000000101000000
01000000101000100001000000010100010110000100010000001000001000100000010100010100011000100000110000001
00101100110111000010000000000000010000010000000000110100001011000010100000001000100001110000000001010
10000001100000110000100000010011100000010000100011000010011100110000000100010010000000010101010000110
01011100001101100001000110011010100011010001010000000001000001100000000011100011010000100100110010100
01001001010010011111001110101001001100010010100000000001010000000001111011000100000001010100000010000
00100010000010010000101000000100100000000000011000010000001001000001000011000100010010000100001000100
10010100000101000000001000011001100000100100110001111000001000110001010001001000000111010100100110110
01010010010001000101000001100000111000100001000001000100011000000100000110000001101101000000010000001
00101100000010000000010000000001000010010000100000010010001000000000011000000100001100010000000000000
00010100011000011100000010000010010111010100010010000100000100000011001011011100101001001000100011000
10101000000001000001000000000001000000000010100100110001100101001000000001000011000100010000010000001
00001000100000100101100000000000110000101110101101100110011101000100100000010100101100011000110000110
01000000101011101010000010100010000000010100000111011000100000011000100000110100100101001111101010010
00100010000100000001101000000001000000000111010000000010011100110101010011010001001001000000100000010
00000110010010100010100000000000100000100101001000001100010001000000000000101010001000001110000101000
00100001010110101001101001010000101000000010011010000011101000011001000000010010100000000010010011100
01000000010100000000111100000000000001000000001000000010000100001000100100000000110100000001000000000
10001001010001000100100010111001001010001010000000000000010000110000110000000000011010011001010101111
11100110000001100000101010010000000000100001110000100101100001000100001100011001111100110000101100100
00000001101000100100101001000000000100011011010001000000110000110100001010110010000000000001100000100
01100110000011001000000000001010010110001000100000000110000101011000000000011111010011001100000000100
10101000010001110000010000111000100001000010000000010000110000000010100000001000010001010101010010100
00101100000001100110010000010001000000110110010000000000011000010000100000011000001100001001001101000
00110000100000000000001000000010001001000000100101010001000100010101000010010101000110000000100010000
00000010011001001110001100001010000000011010100001000010000000001001010010000110110110101100000100000
