10110101010000000001100001010100000000001001000001000110000000110001010000000001001100001010100001000
01000100000000110100111100001000000001100000010111010000011011000101100001110100000000001000101010000
00000111000100000000000000010000011011001000011000001000011100010110010000000000000100000001000000110
00100110101100100101111010000000010000001101001100011000110000010010010001000000001100001010110100111
10001100100110010100011010000010000101000000010000001110100101011100000001000001000110100101000000000
10100001100001000000100101000000100010100000010011100001000000110001010000110110100010110000000011000
01100000000000000100001000000100110001101001000011000110011100010111010011101000000000000000011001010
01011010010000110000011010100100000000110000010000010100001000111000100000010101111001101010000001001
10000000000011011000000001101001000000010110010000001110101101000101000011001001011001001101010001001
00010000000100000010000000000000000010100001101101001001000011010010000001100000010010000001000000000
01101010000101001100000100010000000110000001100000100000001100101000100000001010000001000000000110110
00101000001000001010101010101100100000000111011000100001000010100000011110001000101110000100000001000
00001001000100001001110000010101000000100001000010010000101000100010000100010111010001000001000001001
00010000000010000010000001001100100100110000110100110011000100000010100010001000111011010001000000100
00010100001101010000110000010100000100001000110011010000001100101011010001010110000000011000000000000
00100100000001010000000001000000011000000000000001000001001001000011000010000000000010100101101100010
00000000000000000000100110000000000000000000001101000010110001100111110000010111000110100000010111000
10010000000100001000100000010000001110010100001001100000000100001100001001000010100000001100000000000
00000000000000000001111000001110000000000000100011100010000000010010101010000011001000000000000011000
00011000001000100011000000001000001010010011000000000100000110000000000010110000001000101011010101100
00000010011000100000000000010000100001010000010010110000101110001110101001000000100010101010000010000
00111000001010001010000001001000100100110101010000101011000001001000101110000110100000100011000011100
00000011110000100000100111000101000000100010010000101010000110110011010001010100010000110000000000110
01010011000110100001011010001011000000011000000010101100010011001011000010000000000100000001100000010
11000000000000011011100101000100000000011000000010000000100000000100100001001000011011000111010010100
10110011000000100000001000100001100000100011100000001000001100010100010101010000011001001011000001100
01000001100010001100110011000000011001010001100000100011111001101000011010001000000010000101100000000
00001000010000100010001010001000000001010000100000011100100000000001101001110100010000000100000010101
11000000010010000110010001100000011010100100000010000001000100110100011000100100000000000000001000010
10000010000000000000000000000000011000000100100000000001101000001000110010011101001000001101010000000
00001000111000000001001000000000110001001000101100001000000001110010010101000010001101000100100010110
10100001000111001000011000010011010000000001101000010100010110000001001001000110010000010001000000000
00011000001000100000000000000000010100000111001000011011000010011110010010001010101000000101010000100
01000011000100010010100000000001001101100001000100000010001000000101100010001000000000011000010010100
00100100001011100000000010000101000101000011011000010001000000101000100001011010001010011010010000101
01011000000100001011001100100001000001010010111000000010100001010100010101001111110101100000000010000
01100000100011000110001010010000011000110100001010010010000001000010001010000001000000101000110001000
00011000000000011011100000011011001010100000000110010001010000101110100000000000011011010000100100000
11000000100100000001001110000000001000011000010101000010000001010000010000111101000000100001000011100
00000000000000011001000100001010100100000001101000100001001100000100010100000000010000011010100100000
00001000101010000000100101000000000010100010000100100001100000010100100000001101101101101001000000101
00010101100010100001111000001110000000100101101000010101100101000100111001000010100001010100100111000
00000001000010000101001000000000000000000000100000110011000101100100010001000110010001100011000000001
00010000100000111000010100000111001001010110100001010100010100101000000010010001000010000001000101000
01000100000001000100011000010100010000110000000100110000001100001000000010000100010001000101010000101
00100100010000111000110000100000000000010011001001100010010101000000010010100000000001000110001000000
10011000010000100000110000000000000100000001100000001000111001010011000011010011010100000100000010001
10010011101000000111100000110000001000011101101001101000001010000011100100100001011000010000000101000
00000010010000010001000001000000010000000010100000010000010011001010100100010011110000000000100011000
00100000100100101000101011111100110000101010101100010000000100000000001000101000011000000001101000110
00100001010101010111010110100000010000100110000100000010101100001010000000100000010111010001100100000
01010000000000010100001000101000001110001100011010000101101000001001100000000101010000100000000101010
10000000011000101010000000101000010010110010101000011010110011001000011001110001100100100011100000000
01100000000010100000001010000101000000101101010110000100011001111000010010000001100000000001011010000
01101100100100001010000100100010010000101000100110010000000100000101000000101010010100100001000000100
00010101000010000001111000000101000000100010001001100001001000101100001001100001011100001000111110101
00101010001100100001100001001010100011000010111100000001010010000010101011000000000000000010010110001
01000000001000111100101000100010000010001001000000110000100010010000100010000010110100010100100101000
00101000100001000000100001001000010101100100011100100000001010100111010000100010000100001000000000100
00100001101101100111010010011010011100100001001100000000100100010011001000010000000000010000110010000
10111010011011110000100010000001100000111001000010000000110001001010100010010101101000001000000100010
00100000001000000100000001100000000000100000000010100001100101000100000001000000110001000000001010000
00000100001010000001100100110100000000001110000011101010000100000101100011010001101010001000011000010
00101010000000010000110000010001100001000001000000000000001011101001010000000100011011101010000000000
00011110000000100000010010100010100011001000011100000010000000000100111000001000000101010100011011100
00100011000001010011010100000010100000000010100101101001000100101000101010001011000110100011010010000
01000010010110110000100010101001110000000001000011110010010000000100001110000010000110000100000010111
10110101111100010000000010000000000001001010001000001000000000001000100000001010101011000000010010110
00000000000000001010010000011101101000010000001010110000000000000100000011001000100000100111111011010
01001000000000011000110110000000010011101000000000000100000000000000100000010111010011000011000000000
00000100000000010000001000000100110000010100110100000010101011001000000000001000000100000011000000100
00000010000011000100001000011000010000000100110010100000001000000000101001011010010001000110000001000
00000010000110000110001100000000000000001010000100100101100000010010001101100111000010001101010001110
01001000000000001011000011000100101100000010001000000001100001000100000010000100110000110000000000000
00110000010000101000100000000000001010010100001101000100000111101000000100000000000000011110000000110
00101100111000001001000010101001011100000000100011000001110100100101100011000000001010000000001100010
10111000000000000010110010101000110010000000111011011001000000000110011000000100100100100000001100100
00000111010100000101011100001110000001110000011000000000111001000001110000000001101101000011010100000
11010110010001000100100010010001000000000000000011000000101000100100000001000100010100101000000100000
00001000000000011010101011100010010010000010100000111010100011000000111010000000000000000000000001000
00000100000000001010000010011110010000010001001010011100100001001100000011100001000000001010100101000
10001000000000101100011001000000001000001001110010000001100101000100010001011010000010000000000100000
00101000101110000010011110010100000000001110000000000100010000001100101001100000011010001001010001100
00000000000100101000100000000100001000000100000110001000000000000000000010010010010110000010100001001
00000001000000010001000000000000000111110001101100000000001000111011010100000101010001000100010110100
01001100000101000000111000000110000010001000010000100000000001000100100010011110101001001000000100010
00000001001000001010000110100000000000010010000000101010000110110110000100110001011000110111011000100
00001100001000010110010000100001101101000110001000001000100000000001000000000010101010001000000100010
01000000000000011100000001010000000000100000110000001100000000000000000000101001000010000001001100100
01000110111101000000101100001011100000001000100000011111101010000000100001000101100001000000011000000
01001000101010001001010000110100011011010000001011000010001100100000100000110000000010000000011000000
10000001001000010001001100000001001001000111100101000111000000000101000100101111000000100000000100001
01001010100101001000000100110000000100110001010000110000010100001000001001100100000100000110100010000
00000100011010100110110010001000011011100100101010110010000000011010000101001111000000011100011000101
11000000100100100001000111001101000100000010100101001011011001000001010101000001101100101000100001010
00000101000000110001000000100100110000000000000101010011010100000000001011010101000000000000100101100
00110100000010101001000001100011000010001111100010001001001000000001000000100010000000000101000000001
00000000010010000010101110101010001001000111000100101100111100001100100000001000000100101000001111110
01110000100101111000000001001000000011011000010000101001010000000011000001111011000000001000011001000
10100101101010001000111000001011010100000000000000001100000011000001100111000001101000011000000000000
00011100000100000000000100001001000010000000110000000000001011001010010100010000110010001110001000001
