00100000000110100010100101000111010000010011101110011010010000110000111000000001111000011001000010100
00101010000010001000000101000001000000001100000000110101000100000000100100001100001001010100001010000
00010101011000000100010111000000101000001010001001000000110100110101100010011101100000000111000101011
00000010000100000010001000000000000100011011011000010011100100001110000000000100010101001001000110000
00110100110101000000000001000110001111010100010000000000100001000000100011100100100000101010010000001
11001001100010000010110011111000001000100010001011100000000010000000000000000110000000110001001100000
00010100000001001100000000101001100000010000010110110011100100101000010000101000000100000101110100010
01000000011001000000010001101100100000110000100100001101110000011001010000000001100001100001000101001
00000011000010010000011101100000000010101100010010010000010000010101000001010100110001110100110000100
00010101010000100001000100000000000001000101101010010000001010000010100000101000010100000010000000010
00000000010010100001110100101000000110001010010000100010001100001100101010101100000100101011011001110
01100000100010000011000000110110000111110000011010000010000010010001001000101100101001000110000010010
10000011001101100100110000110010000000000010000000011001100100010010000100100111011000010000000010001
10100000100011000000100000010000010000001000100100000010011000001001101000010011000110111000010011100
01001101000011010110000001000000000010000110110000000000010101000110100001000000100011000000010000010
01011000100110001000000000000100001000101000000000101000110000000010101111000010000100101111001000101
00000011010000001111000100010010100001001010100101011100010001001010110000100100000000100100001110000
00110100100100011001010100010010000001000010000000010100000000110000101100011000001000010001000001000
00000101100000001000101101000010010010001000000111000000111001001001100100100011101000011101000011010
00010001000100000101001001110010100100100000011110011111001000100000011001010010000110101101100000000
00100000000000001100001100010000110101011101110000111010001000110000010000010000000011010000000000000
10001110100100001010011011000100100001000011111100000101001010010110001110000110001011000010011000010
01000100101000001100000010010101111000000010000101000100111000001101001101101101000100000001000000000
01100100000000000010110010000000001000010101000000101000000001100010100001000010000001011100001010100
10000001000001000000110000000100000000000000010100000100010100110101001010011100010000010000100001010
00010101100000000100100011001000001010010100010000001000011110100011010011010010110010100100000000100
00000100111111110000000001100000100101100010011000001010100011101000001100100100101010000101000001100
00000100101001000000000000100010001000101110000000010001001000000100000000101000000000010001011000001
00110111001100110001010010100101100100100000000001010000011000101001001000010010010000000101000010000
10000000001000111000101011000010000011010001001010100011100110010010000010001000001100001000010100001
01000001100000100100010000100001101000001001001100100100000001110100010100011000100111100000000010100
11101001100001100000000001000000001100000001001011001100000000010101010100000110000011101100100000001
00000000000001001011110000011010001000000100000011110010000110100000000010100001011000000011111000010
00001010000000000100100010000101010011100001010000000010001001011010111011000010001010000111000110000
00110011100000110111010001000001000110101001101100000010001010011010001010010100110101010000000101000
00110010000100001100001011000000001000000000000000000010001001000000001101000111111010100000100000101
00100010010000110100011010100110010001000100110000010100010000000000010100010000000000010001111000000
01000100001100000110101000000010010100000001110000000111101000100101010001101100100000000000010111010
01110111010001100000101000001010000000000101000011000000010000000100110010101010100010010111010010010
00000001010000000011000100010111000001010100000010000010100010001101000000000000110000010100010001000
10000010010000100100000011000000000100000011110000010101100101011001101100000000110101101000001000100
01100000011001100000000010110111011101000001111000010001010010010100100001001000000010001000100000110
10000101000010001110110100000001000000101000001000010010011000101110010000101010111000100001010000011
01111001010011000001001010001000000010010000001000100000000100110000101000001000000000011000001001010
10000100010101100001010000010100000100110000001110110001000000100000010000000101010001010000000110111
00010100000000000010100100011000000000001100100010010000000001000010001000100000000100100010000000000
00010000110000100000011000010000101100110000100010101111001100101001100000000000010000011010010001101
01000000000010110000000000000000110001100000100110011100000000100000110101100100000000000110010100001
00101000000100100010110100101100000111000010100100000010000000000001001111010111000100000010110000100
10000011000100011011110010000000000110001010000010111010110011000110000000101001000000010010000111000
01100101001101010001000101101001100011101100010000101100000000010100000101010000011100100001011010000
10001010101000000011100101101101000000000000000100010101000000011001000101010100111000001001000010000
01001001000000001000000010001001000100000110000000100000001000100000011010110100001100011001000100101
10010100110001000000001011011000000111001111100001001010000010000000101001010101000000100110110110000
01001001000000001000000100000111100100010000000010000010110100000100000000000100000000001000000010010
00110100001100000000110001000010100000100110110100101000100101000000010100100001001110000010000010101
11001000101100100101001000001100110110001100010001010100101101010000110100100100011101000000000010000
00010000010001000000000000000000001001000000100010001011100000110100011001000000000000000000000010110
00000010010101000000000000000100011001010000100010001000000010000100000000011100110000100001011001010
00100000010010001010111001000100000110000100000001010010110000100111000100010010000000000000100100010
00011100010001000000100010100101000001010001110000100000100000011000000000011110100010110000100010010
00010000000010101010000000000000000110011110100110001001010001101100110010110000000010000010001101000
10001011010010101000101011101000000010000010000100011000000000001000100000001000010010110001100011010
10101000000011100011001100010011000010000001000000001001001001100111100001001100000101010101010001001
01001010001000010000000010010101000010010110100111010011000010000010110001000100000000000000100001100
00110100010011010010001100110100010100100001101100000101001010100000000111101101100001010001001000010
11000001100011000000000101000001000010000000000000101000110001001001000100000111000110100011010110000
00010000000000100000001010010010000000000110010001000100001101010000001000001000000010101001110000101
01000010000010010000110010001110010011101010010000100010110000001000001000101110101010001000110100001
10000011001011010100000001000101000100001100001000101001010000010000100000100000100000001100001010010
11000001001100000010001001000000100001110000001000001011010110101100010000010100010010000010000000100
00000000100000000000100010000010000000100000010100100010000000001011110010011101000001100000100100010
00100000101010110000000000011001101100010100001101010101101000000010000010100011000011001001000010100
00110000000000000010001001000000100110011010000100101000001100001001000000000100000100101110010110100
00000000001001000011100111011110000000010101000001001010101010000111010010000100100010100000010000111
01001000000000000010000000000000011000011000010101000101000000000000001010110100000010011001001100000
01100000001100000000011000001000100101001110010000010010000111000001000010001101000010101011000000001
01001100010111011000000100100000110010000010000000000000110011000100011000110000000101100001010101000
01100100000001100011100000100001100000000000111001000101001100000000110111000001100000001100000100100
10110110011110101000000000001000001000111100100000010100101100000000000000110001001001101000000000010
01000000110001011100100001001101100111000000010100000000110110000000001111001010001010001001100010001
00001000000000010100011000100101011100001101011001001001010010110010000101100010001010010011000100000
01000000110111000110100100111100100011001000000000000000010100000001001010110000000010000010010110010
10100011100000101100100011110000100000000000100100010001100000000010010000011000010100010010000000000
00010000110001110100110100000000010011110000100100010011010001010001000110010000000001000011011000110
10000001100000000000001001100000000010010000011100001010000000011001001001100110101110010000000001100
11000010000011000000001110010011001101010000001100100000000000000010000110010100011001110101000000000
00000100011010000001001101111001000000001010000001010000010101000010000010100000010110010010001000101
01000110000100010011001100001000001010101101100111000000010010001101000010001101000100010010110100000
01100110001101000010101010010000001101000001001000010100001101000000110010110110000000100101010000001
01100000001000010111111010011100000011100000000010101000000101000111001010000000001101001100100100000
00000000101000110100000100100100011010010000001100001100011101011000010101000001101100010100000100100
00101011000110100100000000010000000000010101000010100000000000010000000100001001010000000010010010101
00001000000000010101011010011110010010001100010101000100010000101110000010001001011011000110010000000
11000000010000100000000000100000000000000001000010001010001000010000100100001001000010000000000001000
00010001000000001101000100100001111010000100100001000001010010011110100000100001101000001111010101001
00000011001100010111010111000010101100101000101001000011000101010001000100010001000000000001100011000
01000000000000010000000000100100001001101011000000110001100100101100001110000100010110010000000110000
11011001100000000001000100000110100110000100000011010000000011011001100010100000111100010010001000110
00001000011000000000000000110100000000110100000011000011001010010001010110000000000000001101000000001
01000010001101010001110100010110100000010000000000101100100000001101000000010001001100000100101010000
