00110001010110001100001000100001000000110000000000001110000010100001000011000000110000010000000000000
01001001101010100001100000000011000101000010000000011000101001000000000011110011001011000010000001000
00000000001001101001001000000000011000010000100001000100001000111100101000010111100111001000000101100
01101100000001001100111001010000011010101000101001001010000001111101000100010000000001000001011001101
01000101010010101010000011100000010100000100100110100000111000000100010000100000111000001110000100010
01001000100000000000010110100001001010010011000100000000000000110010100000011000100010001010000101001
01010010000100101000100100000000100010000010010011000011100000000000001100000000001111001001001001001
00100010010010000100101000000100011000100011000010111010000001010100010000111001000100001000101010101
01010001100000101010001010000011010110001010001010010000001100001001000000100101000011100011001000000
10000010000001010011011011001000000000110011001000000000010000010001100110001110100101100010011001010
10100010001000000101111000101010000100010000001000000000100000010100000010110000100000000100111011100
10000100011100110001100011000000001100011110000011001000000010010000100100000000000001010100001000010
01001001000000001110010010001110000000000110100100011000001001010001100000000000100000101010110000010
10010111010001000000000001100000111001011000000000101010001000000111010000000000000011000010100110100
01101001000000000000010110010010010001000011100110000001000001100000110100100010000000000000100000000
10010000010011000011000000110001000000011100101011000000010000001100000110010000101000000000101100000
11010000000000100001001110001100010010111111110010100100010100001001011000010011110000000000000000010
00001100001100001000110011100000000001000000000010011010101111001000001000000000011000011000000000100
00000001000111001100000010000000100011010000000001011000001001000100011110100011010000010110101010000
00000000100101100000010101001000100110000001010000100001000000000000000000101010100110000010100000011
01000011100100100001100000010111000001110100101010100000110110101001100011011001010110100111110011010
00001100110000100000000000110000000000000000100011000000011110010101010000000000001000101000000111011
00101010000000000000001010001000000000110101100110101110000010110100000000011001011000000000000100000
10100011000100100000101100100101010001000001000000000000010110000000000010001011000000000001010111000
00110111001100000010011001000010100100000000011100000000010000010001001010000101000100000000001010000
00100000000000111100001011000100010001001100001000110011000100110010000110011010110101000000111000001
00000100000000101010000111000010100110000100010100100001000000000010100000000010000100010001000000011
00110001000001100000000000010101101001101000011000000100001011001100110001100000000010010110000110000
00100001010100001000100110100100000000011000000111011011101000011100000001000000010000000001001011000
00110001000000100000110000011000000000010001000100101000000100100100000000110001001101011000110100101
00000001100001001101000000000000000101010000100010001000000110100100101000010110000000000011100110000
01000000000011011110100011000000101000100000000001011101001000000100001010110001001000110011001000001
01000001000010000000000000110011001000100000000100100000010000001010010101001101000001010010000000000
00000101011010011111101011101101001011001101100100111000100000110001000100001001100000000010100001000
10000010100100010000100001100000000000111101010011000000001110110100001100001000001101001000000101000
00010000000000001101010000001101000001000110000000101000100000110111101010000100000010000100000000010
00010000011000001010000100011000001110010001010001000000000000101000000010000010000000010001000000000
00011110000001100000010101000011011000011001000000100000010000110100101100000001000101010010101000010
01000001000001000000000001100000101000100000010100000001001000100000000010010010010001100000010110010
10110000000000000010011000010011010000100000000110100011000000110000000110101100000100001000001100101
00001000000001100010101011001000000010001000000001010110000010100110000001001011001000111000110001010
10010101000001000100100100101011000000000100001000100110100100001101000100001000001100001011010001100
00001000010000100010000101001010001110011000000010100001110000100000000000001000100010000000100101000
00000100110001001011000010010011010001000010000100001010000000100000000010011000000010010010101000000
01000000101010000110010010000000101010110000001011001110100000000110000001001010100001010000001000110
00000010101010000100011001101000000101000110010010100000000110000000000101011011101100000000100000000
01001010010010011000101011010100010000000000001000001000000110000000101000010110000100001010010110111
00000000110010000000101000010110001101000000000001000100010000010011010100001000010001011000100000110
00001011000001100000011010011000110000001001011011011100000001101001000010000000000101011001000010000
00011000000010110100000000001000001000001101001100001000000100010010111001000011100011000100001100000
11001011000011000010000000000010000011101010100001100100100000010100000110000100001000001101000001100
00110010000101000000001101001100110000010000001100111000000000001000001100000101000100000111000010000
00010000010001000000000100100101000111100111000100100010010000111000000000111000000000100010110101101
01010000000100010010000001100100101000110000000011100110000100000001100001000001010101000000000101000
00000000000101100101011010100010000000010101100010000001000000011001101000010110010001010000010100001
10100000011010111000100011000100110111000010110101001011000101000000001110100110110000000000011000000
00000010000011000111000110100001001100101010100000001001010111000110010000100011110111010101101110010
10101000000010010000100001100010100000001010010100001000110001110000000001000001000000110011000010000
01100010000011000001011101001011000101000000101000000000000000000000000000110000001000100000000010000
00101000010000000010101101000100110001100001110001101101000101000000010110011000100000110010010100001
00010100001110000000110000000000000000001010010000101101110011000010111000001000100011000000100100000
01110000010000100000010010001000001001111010001100000001001100001100000100100100101000000110110010100
10000111001000000001000010000100001100000110000011101011010100010001100011000000100100111100000110111
00100010100000000100101010100001101000001101000110010100001101010000100100010010010000110101011110100
01100011000000100100101100000010001010001011010001001011010000110001000001001110101001000100110001010
01001100000000010001000001110010001011010001100000110110000000011101000000000100000100101001010000011
00000000000001000001000000001010011001111000110000100100000000100000000100001010010000000000000001000
10000000000001110001011101010000010010100100010001000000001000000001010100000110001000001000001100110
00000001001001000000010110000011100001000010001000010000001100100001000010010101010001000000010101000
00010100011110000000000100100000001000101110010000100110100011110000000000010110110001010100000101100
01010001110010010000010011001001010100100011011010011000000100010011101110000100000100010000101010001
10010000010101001001001000000110101010100000000000000010100001010100000000001011000010110100111100110
00100000010001000001101111001100000000101001001000010000011000010111000001010010000001110100000000000
00000000100010100101001101000010000000001001000000000000101101100101001010100011010000000001010100000
00000100010000000001100100001000000001101110000000000100000000000010000000111000000000111010100010000
11001000000000100100000001000010010001010001100000000010000111011000000000110010000000000110000000110
00000000000101000110000011000101010001010010000000000100001100000010000000000110000110000011000000000
00000110100100000000000000000100000110100001000000000100010000100001000000110101001100010000111000100
01100100111011000100100100000000000000001101001110010101001000000000010000010100000010011000100001000
00000000110100011010000000010001000011000010100000011000001000001001010110000101000010010010000000100
01000001100000101110000010000000100110000100001000110000000101000010111000001100010001101000100001011
00100001000101100000001000000000001000001100000010000101011010100101001010010000010001010011100001000
00100110100001010001001100010000000010110000101100010000111000101100010111000000000000000000011100001
00110001010111010101111000100000101000001010001100001100000101101000000000010001001000000000110101000
00001001011000000100000110110100010100000100000000101000001001010100000010100100001101010000101111010
01110010000101000000100100000000101000101100000000001101000001001010011110010000001000010011000000011
01001000010010000101001001100100110100010000101100100100010001010000100011011010110010000000000000110
11001010000101010000110000010110000000000000010100001011010101101011010101100100110000000000100000100
00000001100000000110001001000000100011000010101000101110101010011001001000100100100000010110101010000
10000100001011100000001100100000100100100100101100010000000000000001010100100110111001001101000000000
10010001001011000001010000000011001100000101010000010100110001011001010010000000000010100001001001000
00000000010001011000100100000000000001000000001000011100101010001000000100101010000001100010000011010
10001000101100000000000000000000001100000000100000100000000001000100100111000000011100101000000010100
00010010001011110000000011000000000000100000111111000000111001100010011000001011000101101010001001101
00010000000001000101100010011100000001000011010000000100000000100100010000101000000000010000010010101
00100001110001100000001000000100000010000010111001000100001111000011100010100000000100000111000110000
10000000000000001101001000000110010001011000000000000001010000000000000000101000000001010000001010000
10010000000000000011000010000010000000101111001010101000000011001110100010100000000000100010001111011
00010001100110000000001100101001000001010001100000101100110010110001100000000011000000000010010000000
11000000100000001000001000000000000000000100000000001000011001000001000100000010100001010010011001100
00000010101001010101010100001010010010000000111101100111001101000000110000100000001010100010001100010
