00110010100000001000010001100110000110100000001001010000100010000100000000010110100111110001100110101
00110000000001001000000011000000000000100000001000000000111010000110011000101000000100000000001001001
00000100000010100000000101100000011010001010101101111011100000010000010010100101001000110000100000010
00000000001101100100001000101110010111001001000000001010010101001010000000100000001010110110100000100
10000101001000100011001000010000000100000110000000010000100000011010010010100000001001000000011001000
01010110001000010000000001000000101000100011001011000100010001011001100110001000000000110100100110000
10010101010000000000001000100110010101001111000110100011000100001100000011101000000101010001000000000
00001000101000000111010010100000000000000101000101000000011010111000111110010001001000111001000000000
00001001110000010110000000001000011001001000011000111000000000000010000100100100000100000000100000000
01011001000100011010110000001100000010101000010100001110000010110011000001101000100000001000010000011
11000001010010001100100000010100000101101010101001000111011010000000010011001011000110101010010000100
00001000111100000011101100000100011010010011000110101000000000100000110000000100001101000000110011100
01000100000000000001000011001001000100111010111010100110000000010001001000100001000000000001001100000
10000010010100000000010000000010001000000001000000100010100000010001100000001000000011000000001000010
00101100001001000001101001011000001100000001000100101100001000001001000001000100100001010100001011000
00010001101001000111001000011000101101000100101010001101010011100100000101000010001000100001000000001
00100000000100100110000001000010011000000001000011000000000110001001101010000000000000000001000000001
00001000001101000000100010100010001000110000100100110000000001100010001001010100100000000101001010001
00100000000011011011110000101001011000101111011010100000010001100001000010111010100000101000001000000
00000100011100101000011111011100101001010100000010000000101110011000100100000001000000000010010100000
11101011110010010000101000000001000100001101000000100101001000000010010100000000000010101110001000001
00011000001101000110101001001010000010110010010100110000011101110000010000000010001000100011010000000
00000001110100011110010000010000010000110010100000000001010001000100000010010000100000010010000100100
11000000001000000011010010010000010000000000100100000101000010100000110000001000110100000000001010000
01000110000100101000110110001100101000110101001001010000000010101001000100000000000010111111000101000
01000011000101000111000010001011000010000100000100101100000000011000010000010000100000001000100000000
00001000000011000000001010110100100110000000000000001001100100000010000000100000001010000001000010100
00000110010011001000010100100000100110001000010101101000000000000010001110011010100111000100100010100
00001110000101010010010001110100001000000100001010000011100000001010011000010101000001001001000000010
10000010100001001010010000011000011100000101000100001001100010100000101100001000001010101001101101101
11000001001000001001011001000110000000100000010011000001001110000100010000000011111000100000001100000
00011001000000001010011100100100000000100101000001000010011000010010110010100001001000010010001000100
11100011100110000010000010000001010100000001000000011110000101001001000110101110000000000100000000100
01001000010000110001001100000101000000000100010100000010011000010010000000101001000100001010001000000
00000100101010000010010000000000010001010001000000001100000100100100110001000000011000000101000100000
00001100100011010000101000001111010000000001100010100000110110010000010001001100100010000011000010101
00101001101000100000110001100000001001110001010110000010100100001000100000001001000010001000100001100
10011000010100000000000100110000101000000100100000000000100000001010100000110001011011100000010001010
01000110010010000001100110000110000000000100010010010001101101001011011000000001101010000010101010001
10111000000001110000000100000000000000000000000100001000100100010000000110010001010000010001000100000
00000100000100101010000000000000101110010001000000000101011101011001011011000110100000010010000000000
10000011000000000000111110001000001101000100100100011010010000100111001100000010001101001010000000000
10010101110000000000111110110000001000000000011000001000100100101010000001011000001011000010000000000
00001000110001000000100000100011000000000010101000010000110100100100001011001010010001001100000000000
00010000000010010010011000100111000111110001010001010011000010000001000001010111010010010000000000000
00010101000010110010110000010000000000100100000001110100010001000001110001010000011010010000000000000
11000000000000000000100100000100100100110001000000001001001001010101000000100011010101100000000000000
10011001001001010000001010000101000000000000000000100111101100100000100011000010000010000000000000000
01101010010101100001010000011100110001001100010100100000001011000011001010000000010100000100000000000
00000000010000000000000100010100011000100110000000000000010000100000010110010001010010001010000000000
00000010011000101001000010101011000001100100100110000001000000000110010010001001001001001010000000001
00010001010100010000001000000101001000100100001010101000000010100110100100000010001001111010001110110
10000010110110000101100100001101010001010101001101000000000000110000101010100011000001001001110001000
00101100000100000000101001010010010000100010100010000000110000101100010000000000100110000000010011011
10100010110000010100010101000100000100001000000011001010110010000100000001000000000000000010000110000
00100010001011011000000000100000100000000010000001000010100011000010111000010000000100100001010000010
00101110000000000011000001100001000000011011100000011000000100000000101000100000000010011000010100101
10110000101000001110110000001000000000000000001010001010001001000001000000000010010100001000010000010
11010011100011000100010001000101100011000000010100001100000010010100101101000010000001010000010000000
00110100010010010001101110010100101001000000000010000000100001100011011101010000000110000100000010010
00010000011001010010001010100001011000001100101100000100100010000100010000000100011100100001000101110
00000100000010001000011100101100000011101000100011011010001110001000110000110000110000100010001100010
00100101100001000000110000010111100001100000110000000001100101110001011101100011001000110001010001000
00001000001001000000010110000001110000010100000010011110000000000110000000101101010000000000001000100
00000000001000001000000100100001001100000000001000001000000100000000100010010000100000010001011100110
01100101110000111010001000010010101011100010010001001010100010011010000001000010111010000000000011001
00010101010000000100001010010100000010010110100001101100100100001110000001010000001010110010000001010
00000001000001100000110000100000001000010000101000011000000011001100100100000001000000010001010001010
00101001000000111001000010001010000100001100010010100001000010101000110001001010100000000000000100100
00000100000110001101001000010001101010001000100100100001001000001000101100100100100000010101000000010
00011001000000000110000101000001000111100100000000001110000101001100101001000000000011011000000010100
00011100100100000001001010111001001000000010111000100100000110100000100100100001000010000000000100100
10010010001100110000000011000110010000100110010000010100010000100100011000000010100110000000000000000
10000100000000101011000001000000110000001001000000010100100100000010010010001010101001110100100100101
00000010001000010000000110100010001010100000100101100010110000001000100110000001010110100000010001001
00000001100010001001001000000100101010001000100010100001000000000010101010100110001000100011010100100
01000000110000110100110000100011100000011000100001000000000011000010001010001010000100000011011001100
01111001101000100010100001011100010011000000001100000100001100100000000100000001000010101101101000100
10100000010001000001001010100101100100011010011010001000000010001010001101001011000001010000110001100
00001001110111111101000001010000001001100010100011100000000000101000000000011100100001011010100001100
00000001110100000010100100000011101000101000011000000111100011101000000101000000010010000000000001000
10001000000010100011011001110000100000010000000000100010110011000100101000110000001010000110010110100
10000000001000000100010010010001110001000010000101010100000001000010000100000000001101101000100001000
01000001100000000001110100000101000000010000010000101010100001111010000000100010000000001001011000010
01100010010111001100001101011000110000000010000010110100010011011110000100101111000000010000001100000
01110000001001000101100101001100010000100010000101000001100000000001001000011000000101010001100000110
00000000100001000111100000010001110000000000100010001110010000110010101010101000000110000000000000100
10100001100000000010000100010001100111000000100101001000100010100011000010010101101100000001101010000
00110000000111000010000001000111000001000010000000000011010000000000110011110000100000100000000000000
01010110111100100010110000001000000110010110101000000000001011000000001100000000011101100001000000000
01001010100000000000110011111001101101011100000100001000000000001101000100001000010001100010000000010
00000101000100011101001000010010001000100100001000010100000101000011000101010010100001001001100010000
10000010000100000011000010000000000000011000010110010001001000101000001000000000001111011011000000000
00001001001001010010011000000011011000000000101000011010000000010000010000111110001000000100010000000
00000111001001010110000000010010010110100000101000000000110000011010000100010000001110111010110001011
10000000010001010100001101001010001010101000010001100000100110000001010001000000010000010001000101000
00000010101000001010001001000110110010101000000011011000000101001001001000000001001111010110010000001
00000100000010010010000010000001011011000010000000011001110100100100011000000100010011000000000000001
00000000011100100100111100010000000100000001010010000000101001001100001010111000100000010100010010100
01000011100001000010000000001001000011000000000101001110100100000110000000000000011110011000000100001
01100001010000100100011010100000000000100000101000100010010001000101001000100000001001000000001000101
