00000001000000110001011010010000000011010000100010010000100110000101011001000100001000010010001100000
01000000010100011010010011000000100101000000000010101010110000000011000100100100001000100000110101000
01000100000100000000000010100101000110000010001001000010001100001010000010100010100000001001100001000
00000000001001100100011001001100000000011001010111001001000010011000100101110000000000100001001110000
00001010010010010100100101000100000000010001010000110110000000110111011010000000000000100001000110000
01010110000000000111001001000111101011110000001100101100000100100000000000000000000010001000010000011
00100001000000000000101000110100000010101000110010100000100111000010101010000011111001000000000010110
10010011000000010100011000000000010010000000000001000010001100000101000100011000010100001110000000001
00111000001010100100110010001101000001000000011100000100000001000101010011010000001010000001010010000
00000111001100000000110010011010010010010011000101000100111101001000100010101010110101111100001010011
00001000101111010001010000001011100001010110100000000000000000100000000000010000000110000000000100000
11100000000001011000110011100011010001001000100111001100001010100000000010010001000110000111000101001
01010010010010001001010000011010001100010000000001000000100001110100010000000000000100010100100001000
00000000001010010000100010100110100000011010000010000100110000000100001101010101100101000101110000101
00000100100100000000001000000101001110000000010010100001000000000011000000000100000000000010010110001
00000110100110000100100001100100101101110010101011001000000000100000001100011001000000100101010010101
00000000001101000000001000001100010010001101100000001010010000100000001101000000010101000000000000000
00001000100101000011001100000100100110100110100100100010000100010001100101100100001010111000100000000
01100101110001010000000110010001010010000000100101000000000000000010000000001001011000001001010001100
10010010000000100000010010011010110000000001000000110001111001001000001010000011000110100000000001110
11100010110000011010010001001000000000010100010011000100001110000000000000100010111111100000011010000
00000010101010000000001000110100001011001001000001001000001000001100000010000010001000000000000010010
00001010000000110000110000001000101110010000010000010100100101001110000000010100110100001001100000100
11001011011010011100001001101100000001100110001001000101000010000000010000110110000010100011001100110
01001000001000000100000000101111001100000100001100100001000010110011010100000011000101011000010101100
00001000000100000110011000001001000000100110001010000000110000101001100001010011000010011000000001010
10000100100100000101100000000000010010100000001001110000110100000010000000000001000010000011010010000
10101111010001001010000101000000100000101000101000010110000000000000000000011010101100011011010110101
00010010110010100000010001000010111011000000010100100001001110001011000000110010000000101100011001101
00001000000000001001001001101100101010010001000010100011110000100000000001000000010010000000000110000
10000100001100100111000000011000001100000100000101000000000001100011011100000101100010011001010011000
00110001000010100000001000000010011000110110100010000001100010000100000100010000100011001000010100000
01010101010100000000000000000010001000000100101001100010001101010000001010100010000010100000001101000
10001101000001000100000011100000001100101001000000000010000000001001001000000001010000011100001000011
00010011110000000000000101001000100011000100101000010001010010110001001000001000001101011000101010100
00100000100011000001001000000010010000001000001101010001010010000011100101000100010000101010000101000
00100100001100000101100000110000000110000110010011000100000010100000011001000000100000000000101000000
00100100010000100001100000100001100100000000001100001010011001001010101000011010000000110011101000000
01100000001000010001000000000000000101001001101110001010000110000100100000010011001000000100000101000
10010111101100000010001100001101010111000001011001111100011100100000100101000011001010000010010010110
00000100001000000000000010001010101000100000110010100100001010100000000100000000010000000000010010001
00000000100001110100000001000100001010101000000000100000000101000000100000100001001000001000100000000
10011011010110011000001010000001011100010000001011100011000010100001000000100100100001010000000110000
00000010100001000000000010000010110100011000001110010110111010000000001000100101100110100000011010001
10101100101000100110000011000000000100100000100000000000000100001000000010000001101100101100000100001
00000110100011000000101000100110000001100100110000101010000100001010001000010101010110010000011000110
00101000010100110100101100100000000000001100000100100010100101100010011100110101100000000001101010010
00000000010010010000000011000001010000001000000101000010001010100010010010000000000101000000100101110
01101101101010010000100100000110001100001000000000000001100001100000001010011000000111001011000100001
10010010001000000100010001000000110000011001100011011100001000001001000001010100100000000111010010000
01000001000100110000000010110000000101100000000100111001100000100101000000011000000011000100101010001
00000001100001110000000001011011000100000101000000001000110010010110010111010011000000000100000100111
00011000100001001110010000010000010000000010000100001001010110111011000011010110000010010000000000000
00001001110001000010010100000010000000011010110000001000000000100000000010000000010001101100001110100
01100100001100001100011000000011100001000010000000001100001100001000000100100010010010110000100000010
10010001000000000001000000010001000010000000001111010100000000110000100100011000100000000010100000000
10001010010101100000100101011111000100010011000000011000010011001010000000000010000100100100100001010
10001110101010000000011000100011001000000010010010101000000001011010110100000010010000000110101010000
10010001001000011011100011100000011110000000000000001001010111000001110100010011000000110110000000000
00001001010000011010000000001000010011010010100010000000011011001000000001000101100001101000000010100
00001101001100100010001000000000000010000100110110000000000010010011000010000100010000001000000001100
00000000101000110101100001111010000010100010100001011010100001000000100010001001101011000001000110010
11000000110001100000000011100100110100110100000001000101010110100101001010101101110000001000001001001
00000010100100000000001010001000101101000000100001010010100001111101000001000000000010000001010011000
01001000010010100010001000010110010000010010000011001000001000000010100100000000100001100000000000100
00010000001100111100100001010000101000100000010000001001001000010000000101010010100100010010110010011
00011011110001000100101010000011010100101010100111101010000011000100001000010100000100010110000000000
00000100100000000000000000101010000001011010101000010010011001000010000100110001000010000000000000010
10100000011001000010100010001001111000010011000011100001011000001100000111000100110011011010100100010
10000000110110110000001100010100001000100001000000000000010000100100000000001010100001010010001011001
01001100001000000101001000001010101011100100000100001000010001000100000011110000001001101000110100101
00000010000110000110100000111110000101011010111000100000000000000101010010001110010000000011010000011
00010101001101001001010010000001100100110000100100010001000000001001000101010010010100000000011010000
00101000000000100011000010000010000000101110110001001110001001000000100100101000110100100110011010000
01000000001000000101110000010001000001000100100100000000001000010011111010001100100000000100101010110
00011010110000100100000010100010001010100001011001111000100010001000001000100000000000001010000100001
00100010001100000001010010110000001101010100100100001010001001010010110000100000100001110100010010000
00011101100101000010010010101110001110100000000001010100110111011110000111100001101010110000001001110
00000110000000100110001110010100000010011011010001010011010010000001000100000010001000010000000000000
00000100011100000010001010101000011101000011000010010000111001110110010000001001000111000000100100001
11000110000000000000000100010010010001010000010101001000000000100010001000100101100000100100100010000
00101000100000100000001001100000100001101000110000010011101000011000000001010100100100010000001000011
00001000000010100000110110010011000000000111010001000001100101100000000000001001000010010000001101000
00000010011010000000000000110001001001101011000001101000001100100001110000010010010000000100010011000
01001100000000100110011100100010000000010010110011011100010010110100011001000000110000100000001100001
01100111100110011110101000001000001000000001001000010000000000010100000001001001010011101100001100101
10010100001001010000100000001111001010010110100001000010011000000000100000001000000001010000010010110
00010100010001000101000011010000001010101000100010100000001010010100000111110100101001000000110011000
10000100110110101000110010010101000001011010000010000011110011000100110001011010100000000001000001101
01001101100001100001100100001000011011000000000010000100110010000011000001100100000011000001011000010
01010110000010000000001001001000000010000000100000000011000100000100100100000001000001010001001000100
01000001000001000000000110010000000100010000100111000111000001001100001000000110000000000010010100010
00101100010001001000000000100100001100100011001000001000010100011000100000000101010000010001000000110
01001001001001010101010000100010000000100001000010101101001000101000001010011000010010001000100001000
10010000000010000000010100010100001000101110011000100010111001010001010001000000001000101101100100001
01010010000110001000001001101001000100000100101010000100010000000000100001100010000000000000000000000
00001000011001000011100011001110000100000011000101110011110000001001000000000000011110000000110001000
01000000101000101000100100011000010000010000101010001000000001000100001100001010110101000100110110000
01001100000101100001001110000001010000110000010101000110000000010000001000001110010100000000001000001
00000001000010000001000000101100001110001000000000001000010010100101100000000000010100100000101011100
10101101011010001000001000010010110100001000000110000110000010010000000001101000000100010001100000000
