00010000001000001010000000000000000100000010000000000101000001101011110100001001000000100001111000100
01000000000000000010000100101100011000000000101000100000101000100000000011101000110000010000000111100
10000000001010000001010000001001000110001101000011001101010100100101111100010110010000000000100100010
01000101000100110000110100111000011100101010011100010000010001000000011000000000010000011010000000000
10100101010100001000001100000110000100011000101100010000000001000010100010000011000001100000000001000
00000000010000100001100000001110000000100000000001001000010111110000100000011001000101000010011010001
10010100000010101101100100000000100101010110100000000100000000000010000000000000001001000001000000011
00001011000000100001000000000000010001100010001001010100011000101000000000000100110000011100000010100
01000010000000000010000000000000000001011010010010001100000001010100100010000001011000010001100110001
00000000001000100010011100011001101010001000010000001001000000000111011100000000001100001010000101000
10101011000100000000000100010010010010110101010110000000000011110000000000000010100110010000111000000
00001000110001000001001010000010001101000110110001000100000001000000000000011010011110001000010001110
00001000000000011110100000000010010000000100000100000000000010000001000111111100000010000110010110000
00000000010100010100000110000001110010000000001001000110010000001000101100000010101010000010000001000
01000010000110000001000000000000011010001111010110000011100001001000000010000010100100111000100110000
01101000110000001011100001100101000001000100101001100110000010000000000011010110001100000001000011001
00000010010000000010000110001000010000010110000011010100010000010000000100001010110000000110011010001
00000100100001000010010101010010101000000010100000010000111010110000101101001001000000000001010110000
00000001110010000010111000100010010011000110011101100001100000001101010100000010101000000010000010010
00000000011000000000100010011001110000001000000010110000100001100000010110010000010110000010011110100
01100101000100100000100100001010100000100011000011000001000110000010100011110000001010001010010010000
01010000000000010010010101010000010100000000000000001001101010000101001010000000011000001100010000000
00000000101010100010000000010000101010010010110011000000100000000000000000111010000100010001000011000
00000010100000001000011000101000000000001100000100000010000100100000111000111101111000001001110100110
01010000101001010111011000101100001001100110100001001100001010010010100010000100000001110011000100110
00000100010000001010001101000000110010110001100000010001010010001011001010000101000100100000100000011
00001001000000100000000000001011101010101101000010000000000011100001001000000000111010001000000100100
10000001000000000000010000000010100000001100100011000001011001010010000000000100111111110010100100010
01000010010000001001001010011011001000001000010100100011000000000010100000001100100000000000011001000
01001001000011001100110010000010010000100000001001000001100110000000010000010111000100001001101100001
10100011000000100110100000000110000001100001110000000001000101000111110100111000000100000000010000100
00010010100000001100010000000101000110000000011100100101010011000010000011100011000110000001101000000
00010000111001001001000000001001000001000100011100000000000001010100000001000000000000111010000000100
01110100010100101010000110001100100000010001000100010010101100110000000010011000110010010100010110001
00001111111101100110100011011001001001110100000000000110000010110000110110000110101010010001010010000
00010000100000001000001000100000010110000001000000101001100101000000100101100100011100010010101001000
10000010010101011100000101110100000001000100000010010001001001100000001110100000000000010000001001001
11110001100010000110101101000000000000001010100100000000010000011000001000000010010000000010101000001
00010000010110001001100001000110010000100001000001010100010001001010001010100000101100100100001000010
00101100100010011001000101010010000000000110000001000001100110000000011000000011010100000000000000000
10001010000000000110010110001000000101010100010001101101100000110000010000100010000000101000010010110
11100100111000000010111000111110100100111000101100000010100100001100000000010000001000001110000100000
01110000000010000100000000010000000100100001001000111001000000001000000100110011111000000001100000101
00000001000100001001000100000100011010000000000000000011000001000001100110110010100100000001011100010
00100000110111000101000101000010001001010101000100001100100000010010000000110000110011100101010010001
10001000010010011001000001001000000110100000000011001100010100110000000000101110001110000001010000100
01101111101101000001101101100100000000101000011100000010010000001100000100000011000000000000100010000
00000000010000101000101000010000001011010001001100100001100011001000000000101101010100000000000000010
10111001100011010011001001110011101000000001100000100000000000110000011100000110000000110100000000110
01000110000010001000011100101001010111000000000001000001100000100000010001011001011100000000010001000
00110100001011101010000001000000000100001010001000010100100000001100001000101001010000101000111010110
01001010001000011000101101000100111000111010000000001000010100001000111000001110110010001000000000100
01100100101000000000100010100010000011000000011000010110000111000111100011010000011001110000000011000
10000010010001010100000001100000100000000000001100000100000100110100001000010100010111010100001011011
00000111000001001010000100001001100111110100000100000011100010010000100100010100001001000010000001000
11000000000001000010001011001011000100010000000001110001110000000110001111010101100000000010000010001
00100010000001000011000110001000001011000010000000101101011010100011101000010000000100111101101100010
00100001100010110001110000000110101000111000000000000001010000001000000010010100101001000000100100001
00100000100001010110000000000010011101100100000000010000011000000100000110001000000010000001001000001
00001100100000000010010010110001100010001001000001100001000000100000101000010000010010010001010001010
00000111001000000111000100000100001101101010000001000101100000000000000110101001001100001001001111000
00100001100000100100001000110000100110001001000000010111001100000100000000101000000011101001011000001
00000000000010101101100000011010101011100011001001000011000100100000000011000100010000001000001011000
00101111000000000001110100001010001000001000000000000000010100110100000010000000000000000001001000010
11110000101100100100001000000110001101000000000001000001101000000100100000010010111110001100000010101
10000000110000000010000011010111001000010001100000010100011001001000010100001010100011010000010000000
01100000000100010000011010100001010010000010010110000000100110000000000000000010101011101110101011100
00000000001101000010001000010011011010001010000001001000000011100011000010010001100110100000101000101
00100001100000000000100100000000100000000011010000001000001000110000010000101000010100100011000110000
11010100010001010000101010011100010100011001000010101000001000010001100110000001000000010101001011000
00101101001010011000111000000100001011100001001001000100000010010000111101010000001110000100100010110
00000010000010011101100000000000100100101000011000000001100011000010010101001001100101000000000000000
10000010100100010001000011101000010101101000011000011000100000010010010000000100000011000000110000010
10000110000000010110011010010110010000101001001101000010100010011000110000000000000100000100000100000
00001000000000001000001001011100111101100011001010110001011001110111100010001100100110001000010000000
00010000010000000101010001000100100110000010001110010111001000010100000001000000000000001000110001000
10000000000000001001011000110001000000010101000000010000101010010000010110101000001010110011000001100
11001000000010011001001001001100010001000000000011000010001010110100100001000011001011010100001101010
00001001100000100000101100001000000010100010000001000001010110010010000110010000011001100001110010000
00001001001111101000000000100100010001000000000001001010001100101100100110000000011000100001010111000
10000100001010110001000110000010011001100100100000000000010010001100010001000010001001000000010100010
10011010001000001000100110000000100000001010110100000011000001110100000000100000111100000000010000101
01001101000001110010000010001010000010000101100010100001010110001100000001000100100100100111000010001
00010000100100010000000100000000000010000010000000001100010100010000001010001011001011000001000000101
01000000100010001001100010000001000000100001111101100110100010110010000010000000101010000101000110100
11111000101000000000100101100001010000000100000001010011000101001111100000001000000001101000000001101
00100000010100100000000100101000010001010100000001100110000010000001000000000000010111000000000111000
00000110100100011001001100000100101100100111110000000010011011000000100010001100011001111000001001100
01000000100010111000001000010000000000000000101000000010000111010000000000010010000010011010100000010
01011000010011000011000010000000010000100001000101000000000001101000101000001100100001100000000010101
00100101000101110000001110001100000011101000000000000010101000001001000000101000000000000000110000110
00001010000000011010101000000000010000000001100010001000000000000101100010000110010010100000000111100
00000000011110000100100010100110000001010001000000000010100110001000011000000100000101000011100000010
10100000010010101000000001100000000100001000000000011101001000000000110100000010010000110000000000000
10101010001000010000000001000010111000010100100101100000011110000010000101110000000101000101010010001
00101010010011001000011000000000000111100010011000010100000010001101000100010101010001010000000000000
10000010100001100000010100100000000100100010000010101010000000000011000000000000010101000000000000100
10100100001000100000000101010000010100010100000000001111011100100000011100000000110011100000000001000
10100000000000010000010100001010011001000000110001010000000001101000011000001000000000100010100000101
00010000001000001010110001000001000000001010000001100001000000010000010000000000000110010000000100100
01110110110100100100011000100011000110011010000000010010101111000001001100100010011000000110010001010
