00110001000010011000010110000100000010000000100001100000101100010100001100111011000000001000001001000
10010111100000000101000000001001000010001010000010000000001100100001001100000000000111100110001010110
01010000000001100100000110100001100000000010100001001000000010010110001000010001110000100110101100000
01000101010001001001100000000000000001101100000000001000010000010001000001100100100011011010000010000
00000010000100000000100000100010100001100010010101001000111011000000100010101000000000000011100100000
00000100110100011100010110010000101010010011001100000010000000100000101100010101010000000010101011100
10000101110110000011000100000000011000100000111011110001000000000101101001001011010000100000000000000
00000110011001000011101110100000010000011000101010010101000000101000001000000001100000001000100000001
00000000100000010000011001000001101010101011000001100011000011010110011000000110001000000100101010000
01011000000011010011100010100101100001001100010001001010000000010010010010000000000100010000010011000
01011001100000000101010000100100111001001011000100101110000100000000101100000000000001100001101011001
10001011100010000000111110111000001010000000001001001000000001010011100001001111010110000001011000000
01000100010011001001101010100101100000111101110100011011100100010011000010010010000001001000000000100
10100101000010100010100000100110000000111101001111010010000000010000110100001100001111101010100000000
10000011101000001000100100011000001110000100000000100001001001100100100101000100010000010101010000000
10000010001011011100000110000000010000000101001000000011010000010001001000010010010101000000110011000
01011010001010000001111010000001000000001110110011100000001011101101101001001010010010011010000010001
01100110001000000100101000000010101100101011001100100011011011000110000100001100010100000101110000100
10010100010110001001100000110001001001001000000001000100110010101100001100010000011100010001000000001
00101000000000000000100000000001011100000100010001000010001100100010001011000101001000110110010001000
10011000000010000000001100010000110100000100000000000010100100001101100110100010010001000110000010000
00000100000100001100010110001001100000010000010000000000000000100000000010010000000001101100000000000
11000100000001100011111000000000011100111100110000011010010111001001000010001110001010001100001100000
00000000000100000000000101011101001100100001010001100001001001011110001100001101000000101001010000100
00000001000101000000001010110100001010000001001001100101100100010001000101111001100000010001011000010
10000000010101000100100100101000110000000000000111000001101101010110000000000000010110110010010000101
01000010000001000100100100101101010000000001100000010000100001000010100110100001010001000011011010000
10000000000000100010100101001100001000000001001000000101111000011011011010000000110000000100100010010
10000000000010000000000010010100010000101010000000001010000100000011001000001010000101000001000000000
01100110010010101000000010000010000010100000000110010100000000001000000000111100101000100100111100000
01000101000011000110100000100001001000111110000010001011001001010000011100000010001010110100101001110
10101000001000001011000001000001000000100000000000100010010100001101100000100101100100000110010100101
00110011010011110100110001100000010011100001001000000000010001010000000000000000100011011000000110000
10000010010001001000000010000000000100000000101100010000011000010010100000100001000001000000000101000
01001000000000100001000101010011011011000000010000100001000101010001000011000000100110010011001000000
10001000000010010000101001010001000001111000000000010000000001000010010000110011100000001010001100010
00000000101000110001000110000111010000101101000001100011000100010000000001010001011001100100001010100
10010111000100001100000110010000000000010101100000000000000000001000100000000000000111011111010010011
01000001000000011100010100000110010000100000100100101100000001010100001111000001000000000001000011000
10001001000000000100000100100100010000111110000000100110110001101010000000000000001010100000010000110
01010010010100100101010010000001000100000010010000000011010010010100101000000101000101001001011001000
00101000010000100000010010001000000111110000010000000101100010000100010011000001010101100100100100010
10000100010101000010010011001001010000110000101110000000100001000010100101100010001000001100011001100
11000000101011000000101001100000000100100000010100000001111100100100001110001011101110001100100000000
00000110001010000110010010010010111001000000000100010011010100000000100000100000001011011000000000000
00100000010001100100011000000001100000010110110000101000010101100001101010100000110001101000100100001
00101000001010110000000101000000101111000000001110000100001010000100001001010001100011010001000011010
00000010100100000000110110000000100010100000001010001100001000111000010000101001000000100101000000101
11001001100000110100000000111001010111000110101010001001000100010001000000000100001000000110100010000
10000000101101000010110011010000000000001011010100000000100000001000010001100010000010000000011110010
01010100101110110100000000000101001010000010100000010000010000001100001001100110010000101000001000101
01000100100001101110000010010110101100100110110010111010010010000010010000100001100001010011010000010
00000001100000000001000001010100011000101010001010000010010000100100011101000100000101011010100010100
00000100000010100000000001100100000100000011100100010000000001011111000000100101010001000010110001101
00100101000110000100011111000110001011000101110000110000010000011000001000000101100000101101010001010
00100000100010100101010000001001011000100000010001000010110000101100000011000110010001100010010010000
01001100101011000100001100010001101110001001010100001110000000000001010011010100001010101000111000000
00010100010100101001000111111000001000001010001010000000001000011111000010010011010000000001001010100
00001000000011000100000000100000100001100001000100000010001010110010000100000100000100010010011000011
10000010000100110000010100100010000000000010001010000100001101000010010000000100100100110011000000100
01011111001010001000011000000001010000001000010001111010000001101100011111010010110100110101101100000
01110001000100010000100010101000101111101000000000111010111000001000010000010000110101010000100100001
10000001000000000011000000000100000010100100000101100000101001000100001000000000100000100000100100000
01100100001000100011001000001011000100011011111000010110101100001100000000000000001100000010000000000
00110000000010010010010110010001000100001000000101000001001001010110001001000000010000100100110000001
01000000000000000010001001010010000101001001001010111100010000000100000001000000000000000010000000001
01000110100001001100111000100010001001110110110001000011110111000100100000011000000001001010100101000
10000011000100010100000100100100010000011000000010000001000001000110101000100000000000001000000010000
00001010010000001000010000011100010010010011101001000010000100000001110001100000000010001010100101100
00000000011000010000100000000010100000001000111000100100000000000100011001000000000000000110111001000
00011000001001000001010010100011010100010000000000010011101001000100110000000011011011011001000000001
01000000001001101000000100110010010000011000001000001101011110110001111010000000010110101000010011010
00001110000000001101000000100001100000010000110100000001000101000101000100000010100000100100010011101
10001000100100100011000000100001100000000000000010010001000001100000010000010010000001000001010100110
00100000000010100010010001111000101110100001100000000000000100000011010011010010011010001010000000000
00000000000000000011000010000011001000010000100111100101010101001100001100000010000011001000000001101
10110000010011000001010100100100100001001001000000110000101100010000000010001001110000000011000000000
10011001000000001001000100100010000100011000100110000010010000100100011001100000000000000000100001001
01001001000100000010100110100010000010001000101100101001010000111011000001010111110000101000110100100
01000001110110001010000011000000100010010100010000011010100010000000000010101000011000000000001001100
10001000101000110010001000000110100010010010100000000000001110000101000000001110001010000010000000010
10010101001000000000000001011000100000001100000000001000010001110111100011100000001010000001101000011
00000000000010011001100110101010001010110000101001100000001010001000000000000010100010000101100000110
00000010010000110000001100010101000000001110001100000010000100001000010000011010011101100000000100000
00101011100000000100100110100000000010000000000101011011000001101000010010100000011001001000100000010
00010101010100000000100010000000000001000100101000010100000000001010000101000101000100101001000010101
10000010010101000001101110110000000010110001101010110001000001001011000001100011010011100001000000000
00001000001000000100000010000010010000000010001101100011010110000010110000100010001100000110100101000
10000000100100010000010011000010001100100000000000110000100101000010100001101110101010010001100000001
01011100001010011010100000101011000101010011011000000011100001000000010000100100001101001001100001100
00001000001000001110101110110000000001000000100100000010110011011010000010110000100000001000000101000
10001000100000100000011011001101000000011000101000100011000010001000000010010001000001110000101100110
01001100010000001111010001000001100000001001010000001100000000000111010001000000010001010101000010000
00111001000000010010010000101000111000100100100100101000100001101000000011011100001001100001000101100
10010000000100101100100100001010001100000010101001000110000000100000110100010100010000000011000100100
10100000100000010010110100110000001100110100010000011001001111000101100000000001100100000101000100010
10000010000111000000000110000010100000000101001000010010101000001001110100011000100010000000000010010
00001000001110001000000100001001011101100000001000001110010001111000000010111001010110000000001001010
00000110010010010010010000100100000001000100000100000011000100110000000010000110001110000100010110100
01011000110100000010110111010011000000001011000001011000010010001100001000000110000010000101100000010
01001101010001010101001000010010001000010000111011001001010110000000001000011001000000001010000000001
