00000100100000010100101000010000000011011000001000110100001101100100000100010000000000001010000101000
00000010000000100011000111010001000000000000100000001001000000110100001000000000110100000001000110000
00000101000000000000100000100000100000100011001000110000110000000100010000000011100110000110010000010
00000100010010000011001010101000100000001010111000011000011001000010100100000001000000100101100000100
00001110010101011010000000000000001011000100010110000110000011011001001010001000001000000000100010001
11110000111010000001111000000011000010110000000100101100110000010010010100000001010101001000100101000
00000000000000001001000000001010101100100000001110000000000001000001000110011000010001001000000100011
01001100001100010010000001001010000000010000010000101000110000010101010010110000101110000100100110100
00100110100110110000011010100110100001000111010100110010000100010010101010001010100010010001111000000
00000110110001000111010000000100011000001010010011000001000001001001011000000001010000000000001100010
00010000101000100000000001000101100110001010100000110110111011101010000000101010001000000110000001101
01101110000010000001101001111000001010000100001010000100000000010010000110111001001011101001010010100
10010101000010100001100010000000010001011010010000010010000101010010010010101010000110101010100110100
10101000000011010000000000011010000110001000001111000000000010000000010000110100000010101010011110100
01000000101110011101010000000000011000000011000000010100000101000010010100001000000110001000001000010
00001001010100000001010000010010100000000000000001011010101001000001000001010101000010010100001000101
00110110010001001110001001010101000001000000110111110010010000010011001001001000000100001001010100001
00000001000000100000010000001100100000100000111010001000001010011010100101001110101000100010101000010
00000000000010011000000010011000010000101011000100011000000010010010000000001000101000001010000000100
10001100001100100001000000101011000000001111011001110001000100001100110101000000100000100100000100100
10100000000101001100000001000101011000011000010000000000010010010010100001010001000000110000100000010
01000000100101000001011000000111010101000101010011100010001111000010110111000110100001100011000001001
01010011001100000000101010010000100100000110010000101100000001100101011000100010100000000100100001010
11000101100100001100010000010110100100000000000110000001000000001001001000101011101011001010110000101
00010000101101010100001110010000011000110100100000100000010010111010010000100010001110110100000100000
10000010000110100011010101110111100000000110001100000010110010010100010000011011000000001010011000000
01000010000011000101110000010100000001000100001000110010111001110001100001101010110110011001000100110
00000001010001001100000000011000000001001001100010001100001001010100011010001011011001110100000010000
01000100001010100000000001010010100011010000010010000001100001001100000100000000010101010000100000001
01000101000100010100001000000000000000001101100010100000000101010000001000010000011101110000000011011
11000000000010000010100000010000000000101000001110001001110000110011000000000001000000000010010001000
11001000101000010000001011001010110111100010001000111010000101000110010000010011010010000000001000010
00010100000000011110000100000100000000000110000000011100000000100000000001000101100001101000000010010
10100001000000010001010001111010000000001001001001010000000111000101100100100000000000001001011100000
11101000001010000100110001001000000000100110000101000111000001111000100010010001010001010001001000111
00001111000000000000000100000100100100000001111000001000010001000000010000000000000110011100100101011
00001010010000000010000100000000100100100001100011000100000001000001001000000000011001000001000000100
01100110000000000000111000001010010010000000010110010000010100010001000000000110100110001001011001000
11001000100111110010010000010100000000000000100110000000100101000010010000110000001000011000000000010
10010000010001000010000000000000100100000111010001100001011000000001000000100001001110000000000000001
10111000000010000000000110000101001000001001100010001001010011010100000000100000000010101011000001100
00000000000100000000101000111101011000111000010101010001011000101000001000001101001101100000001010000
00100000010000000000000000101101000000000000001110001100001100010001010000100000001010100010000000001
10111100001001101000010000000000001001000100101010010000000001100010110000100110001000000010110010000
10000100001000001000110101010101011010001001100000110001010110000001000110010000010110000001011101001
00001100100000111000000110011001100001000010000001010100100001001011110011000110100100010010000010111
00000100110000001001001000000111001001101000000100000111000100000000000001000010010010000000011000010
00000000001000000000110001010000010100100000001000101000101011011100001101001010011101010000110000000
10100000000001000000110001001010101001011010000001110010000010110001000001000000000010110101110010010
01100000000010100100100100001000100000000000010001000000000100101001010100001000101001000001011000001
00001000010011001000000001000010101001100100001010001000010100110000101000011000100010001000000100100
11000101000000001010011000110010101111001100000010001000000100001001000010001011000100010101111000010
00111100000001000111101100010000011101011001100001110100000001011000110000011000000000101011000001100
00001000000001110000100000001000100010100101000001011000010000100000010010001000001000010000011010100
00001100011101001001000010000100000010100100101000001010110000000110100001001000000110011011100111010
11101100010000000111011101100010011100010000000000000001010000001000010010110001101010000100101000100
10001000000000010010000010001110010100100100011000100010100100110000001000010001011010000001000110000
00001011011000000010000101001000100010100001010000101111010010101010100000010110000101000000100110010
01000000000000110101000001010010001001001010010100101100100100010101000001110000100000000001000000100
00000010100000000010111000000001000001010000011000101001010001000101000010001000000100100110000111000
11111010100000110000000100001101010101000000001000010100101000100110001000001001000000010011001010100
00100001001000000100101100001010010001100100110001001101110010000001100111000010000000000100001011001
01110001001001000100001011000100000110010001000110000000001111001011001000010001010100001101011000100
00011000100000011010001100001000000110101001100000100101100000111111010000000010010010000110000010110
00001101010001101000001100100110100010010000110000100010010000000100010000100000101100000100110010001
11010100001001110000000010011001101000001100000100000100011100000011010101000100010110001010011101001
00010000100000000000100001000111011100001010100110111000100000000110000000011100001010001101001011000
00000000010001010000000000010000000101000001010011100001100001100001000000000100100000010001011000011
10000000001100100100011000000000011001110000001000000000000010100010100000100111110101010010001100000
01000010100010000000000001010101010000000011000000101010000000110010001000111000010000000010010010000
10000001000110001000000000110101100000000001100101010100101101001100000000010110000100100001000000001
01101000010000000010100000000000111000001001010111001001000000011000001000101110000101000000100000000
10000000100000000011010011000011100100000100010001000000000000010001101000100000010000010100001000110
00010001001010110110000000100001000110010001010100100000110010000000000010110000100101101011011010000
01010111010000000100001000001000000001000100100101100000100001000100100000010101001110011001011101001
00010001110000000010110100000010000000000001000010100001100010000000110000100010000001100000000000000
01000000100000011000001010110000000110001100000000011001010000101000100110010111001000101000100110010
00000000000110001000010000000100001111000010001001000010100100001101010100000001110000101001010000010
01110001000010010110111000010000111000000000000000000100001001100100011010010000100000011100000111100
00001001000100000001100001100000000001010110101010010000110010111000110010001000000000000000000100001
11010000100110000100011000101010001111000010000000000001000010001001000010000011000010010000100010010
10101010000011000010011101001000011000100000000000100000000011000101000100001100010101000000100010011
00110010010101010010100001100001011100000000100000100100000100001001000110000000001100101101101000000
00000001010010101001000101000000000000001011010010000111000110000100001010000001010001000000001100000
01101110100011000101000100000100000000100100010101001010101000011010100100001000000100000000100010110
01001101100000011000010010000010000000000010100000000000011001000001010101001010101000100001000110100
00010010100000010100010000000011011010110001000001110011101100000100110000100001010000100011100010101
10101000000000001100101001100000001000100010010110010001000100111101110001001011100000100100100000101
01000000000000000000110010101110100110001100000000111100011101001100000001001100001000110001101100000
00010011111000101001100001010000000001010000000000000111100001010010101100100101000100010001000001110
00011001000000001001000010000011100011000100000100100111010010100001000000000000000000101001100011000
01000000000011001000000000100101000100011100001000101000000000001110100001110000000000001100000010100
00000000110001001011000100000100100110001000000001001100010110000001010000010101010010000000000101000
00101001000000010000000000100000101100000100011010001000101000000000010010100000000000100000001001000
10001011000010010100010010000000101010001101000001101000010000010110100000000000011100000111001001001
00100000100000001011000100100010000000001100000001110000011011000001011100100110101011101000011111011
00010001100010011000010100010110010000000101101001001010110100011000100110001101011000010010000000000
00101001010001001000000000110001000100000000010101001000100011100000000011001000000000011011010010000
00110010000010011000100011110000100101000010000010000000011000100010000000110010010110100000000110001
11110101000101010001001000000101010000010000100101100001001000010001101100000011100101000001101110000
10000100100010000000001110010000000000001100001000101101100000001010000000010001000010000001000001010
