01000100000000000000010010000100101011001000100000101010010101111000100100001100000001000001011000000
00101001100001001101100101101001000010111000000000000000001000000010001000101010101100000001000010100
00101000100111111100011000011000000100000001100000000100100100010000010100100010101000000010100110000
01100000111100000100010010100001000000001001101000100000111000100100001000001000000000100000000000110
10000000000000000001000000000001011010000001010000000000000010000010001000100000100000001101100110001
00100110000010000000010000001001010001100010010010000010000000010110100001001111000000000001000001001
10000100001000100000001001000111010110010001010100101101000000000011000000000100000010011100100001000
00111110100001000010010000010010000000000110100101100100011000000010001000100000010000000000010101000
00000000010111000100011011100110101010011101100101100110100101001000100000000000000111001000010110000
10110010001000111100000011010001010100000001000000110000101000010011100100010100100000010111100010111
00100110000000100000000110000000101000000111000111000000000110100110001010010010100000000010101010000
11101100110111000000010000010100000100000001001000010000001000001001111011010001110110000100110010011
00010000101101001000000101111010000000100000000000000101101000001010010000001100000010010000010000010
00100000000000010000000101100001101110000000000000000101000101011010010001000010000000100010011110100
00010011100001000111000100000101000100000000101110000000110000010001100110110010011001010001000010000
00001101110010010100101000010100000000010000000010100100000001100001000100001000000001100011010000100
00101000000110000110011000001110100010001000000001000001110100001011100000000100001000010100110010000
11010010011100100001010000000000000011000000000000010001000100100110000001101001010010001011001100101
00000000000010001010100010000100101110100010000010010001001011001000001000100110000000100000101010000
00100000010001100001000000001000100000110011100000100101010001100000010000011010001010100000110000011
00000000000010100100000110100010000010001111000011110100011000000101000011011100001101111011100010000
00011010010010000011100000100010010010001000010000000000110100011000000111000100000000010100000000110
00000101000100000000000000110001000000000010010010010001000000000000000100000000010110010000000001000
10010010010000010101011000100100110000100000110000100000001110010001010001000100100000000100000110001
01010100000000001000000000101001001110010010100001000001010101010100101001000000100110010000101100000
01110011000011110100000100001110110100011010100100101010001011000010000001000100001000110001000001010
01000100000001000010010001001000010000110000000111100100001001100000100000011011000000000100100000010
00000000000000111111100000010001000010101010011001100101000001000010010101110100000010000000100001100
00011101000000100000000001110010000100110000001100001001001000000100100000000011010100000110000011010
00010000011010000010010100111000010000101000101100000000000010010010010100000100010010101000100000100
00001010010011011001000010000010101100010000010000000000110010000000001000001001000100000100110001000
01100000110110001100001110001100000000000000101110001100001101110000010001000000000110100000001100001
01001011100101101010000000000110000010011111101100010111010011000000010110100100000000001001100000100
00110010110101000100010001100000010001000100000010001010100000000100010100110001000000010001100011000
00000011000100000010100001000100101110000000110000000011000010010100001100100000000100101001010010001
10101000101000010000000001001100010000000100000101001000100000001000000000110000110001100010100110000
01101001111000001001010000000001001010000000001100010101101000000001110101000011000100100010000000001
10000000000010011010000001000010010000000000001010100001010000001110110100100100000110001101000010100
00100010000011001000000000011000010001000101110000100001010000000000000000010101101001000010001000001
01000000010101100001000000011000010010000101001000110000100000000110011000110010000110000010110000010
00101001000110000000000000100000000000001000110111010111000101100010001010000001100000000010010000101
11000010110001000101100000001000000000000001010100110100101001010000100010001000000110000100001000001
00110010100010101100110000000101010001110000010001001000000100100010101000100001000000010000100010010
10000001100100011000100001100110100000101000100000100100000000100000000100000101010001110010101001100
00001000100010100110000101011010001100001101010100011000000001010011110010010110100011000000100000000
00011000100010010000010000011001000000001010100001100000001000101000001000100000000011010000000000000
01001010000101000001010100001001100010100100110001100101010000100110100000000010001001001100001000001
11100001001000110100100110000100000100000100011101000000000000000000010011101000001100110110000100000
00000011000100010010100010000000110000100110000000101000100001010001011100001000100000000000010000110
01010100000011100111010110001110010000011000010011100000110010010000010000000000110011101000010000100
01010010001100010001010110100000000010010010100000000000100001101001100000100001000001110010110000000
11001000100110000110001100010010000000001100010000000100000000110000100000010010010000000110000001111
10000001011101000001010001100101101111100100001000001010000000000000110100000100011100101000000010000
00111100000000000100100000000111010100010001011101010100000100111100101111100100000010000000001100000
10100000001010010100000100000000000110101010100000100101111000010100000000001000010010000000010000000
01001100011010001000000001000000100000010010010010011100000110100100100000001011010000100001100000000
00100110000001000000111101100001010010001001100100000011001101100100000001000110001000000000100000000
00010100001001000100001000100111000001101000111000000101111000010110010001110001011100000001010000000
00010001010100100101010111000010010111000100000001100101100011000000001000000000010100011001101000000
00100001010100000011010100101101000011100110010000000000100000001010000000111001110000010000000100000
01100011001010010000000000000011110000000101010100001010101011100000100010000001001010001010001000001
10000101100010000100010000001000010100001000010000010111001100101010001000000000100000101001001001110
00011010001101101000111000101000000010000000000011001001111000110010110100110001010100001001000110000
10000011010010000000101101001000111010000010110010000000010100001100100000001100000000110100000001000
10000010110000110000000100000110010010010010000111011001001001000110000011000000110000000101001100100
11000001000100000000100000010000000000001000001000001000110100000000000000000100000000000001100000000
00000010100100000000001000011000000000010001001001000000100100001100001001100110101000001101001000100
00000000000100100000000001100000110001001110010001110101001001000000000010100001100000010101010001000
10001000010001000000111000010000000110010001001000101000101000100110001000001111001101001100000000111
00000100000100100001100010001000000010000001000000100000000110000010000010100101110010100010001001000
00010010101000000000000001011000110001001100010100011011100000000001011110100000001101000001110000100
00100011010101000000010100011100000100000001000000000010000000001100010000101100000010101000101001000
00000010001000000110000000000100100000011000100000001000001011101100001010000001110000010011000100100
00010000101000010000100000000001010000010100000010000100011010101001101010000100000000000101000101000
00011010011000010000000101110010000011000101100001011010000010000000011000000110000000000000001001000
00110110010100001101000100100011000001110100000011001000001001110010110001000100011010011010000001001
10010000100100100100100110100001100100001010011010010000010010010101000000001011010010000110011101010
00000000100100010011011000011101000000010000011100010010001101100101100010010000000010011000001010010
10000001000110000000101100110100010101000001100100100000000000010000010001110010101000010100110001100
00000000001100000100000010110010100001111000110010010001001001000000001100001001101101001001010100101
00000000000000000001001100000000010101101100000011010101000100010001110011000000000001000000011100000
00100001111001000001000110001000010110000010110000000000100100100000011101011000101101000100010000110
00000101000100110000010011100000010001000000101000010010100101000100010001001000110010100100001001000
10100001010000000001110010100100101010010001001101000110101011000001010001100000100001000001011001001
00000010001001110100011000001011101011010011100000001010101010000110000000001000100000010000000000100
01010101000000000000001100001101000010000000000010000101000100000010001100101010100110000000111001000
10000110000000110101000000101000010000100111001010000001010000000000010000011001000001000010000101000
01110111110000110011011000001010010010010010100010101100010010111110100100001000110100000111000111010
00110000000100110000100100000000000000000001001101001000100000001101011001000000001000100000000000001
00000001010000011100000000001000100010000000001100000011000010000000000010110010000011011001010000000
00000001010010100010011001110010111110101001100110101010000001010000000010000001001001011001000001010
00010000000000101000000000110001000000110000010110000000010010000001001110110000000010100000000101000
00010000010000100010000101100100000100111001010010000100100110110100100100101000100001111100000010100
01000100101011000011000000001100001101000100001000101100000001000000010000100101001000000000010011011
01000000100010100001011011010100100001010000110011000010001100011010001101110101010000101000000000100
10000001111001000000000110001000100001111100101001000101101010110000100101000011000010000110100011000
01000000010000011000000011000101011110001000100011011010000111000010001000010010100001001001000111000
00100011101010001100101101101000010000000011000010000000000100110110101000000000000100001000100000110
00100100000101000000001110001000100001000001100011001000010100000000101110110011100001000101000100001
00100100000100001000001010011001000010000000010000010100000011011111000101001000101100111000100000010
00011000000010110000000000001010000000010000011100000010000000100000100010001001001011000000101000100
