00000101000100110001101000001100000010100100010000000000100000001000000010110001000000011000000000000
00010000100001000011000110000001000000000001010011010101010010001001001100001011000100010100000000000
10000001010100000000000100100001100001010100101100101010110000010110110011000000010101010011101000000
00010000000000001100001001000010111000001001100110000000000100100000000000100111011001000010010110111
00110000001011100000110000000000000001001000010100100000100100110010000100010101110001110000000001000
10100010110001101001110000110001101111000110100100011011001010000000101000000010010001100001100000001
00100000101101001110000101010010001001000100001100001000000010000110100001011111000001000001001010000
11000001010100001000011010001101010011000110000000100000000101110110000000010101100000010010100010001
00000100000000000000010001001010011000001010011010100110110100001010010110101000000000000000011010000
00101100010100000110001010110000000010010010010000010000000101001100000100000000010000000011001001000
00000001010000001101000100100001000000010010101000010001000001000100000000001011011001000000000000000
00100001001001001001000001000000010001010010100010101100001001111100000010010000100010100001101010001
11101000110001110001100001000100101101010100001000111001000000000000100000101001010000100100011010000
11001100001101000000100110111010100100011000100110001001001001010001001010011000000011001001000101100
00001011010000000110100001100000000100000000000000001101011000000010101001100110001000001001000010000
00011100011101110010110000100001100000000010001100000110000010011100000000010000100101011010111001100
00000000010100000000000000000000010111100100111000100101000010101011000011001010000100100100010010000
00001001101001100000010000011010000010101000001000011110001001000000000010100000101101000011101001100
01100000000001100110000011010010110000000001000101001010000101101011110100000010010000001110001000000
01010000001010000011111010000010000100101100010000010010011001100000010101011011000000001000000010101
10000000011000001001010000001001000000001010100000000000001000000011010100011000001001000000010101010
10010010010000010101010011001100000100010100110000000010001000000100110010010000000000000000011100000
00000000011100011000011000100000010000000100010000000010001000000000000000000000110001001001000011000
00010000100000010100010011011001000000100000000111100100100001100011010011110010001000000101001000100
01100000000000001100100000000010000010111000000010011100000101000100110000110000001111101000010010100
00000010100000000100011010000010110000001010001011001011010010010000011000010000010001000001000100010
11010010010010001000010000101001010100100000100001000101000000101001101111001110010000101001101000111
11001010000000100001001001000000010000000001000000011000000010000101100000000110001100110010100100000
00000110001111100001000000010000000000000100000000010101011000000101000001000100110011000111000010001
00000110100000000011000011100100000001011100000000001000010000100000010000001001010000111100000010101
11100000011100010010100100000000000001001000001100100000000000001001001000000000000000100000010101000
00000110001000000101001101100010001100010000100101000001000001001100000100000011001000000001001000011
11000000000111000000100100001000000000001101010000011001011001010000000110110010010010001010110001010
10001000100100010110101000000101000000011001000011101100100001000101000000001000010100100100100001101
00000000001000010000001000110110001110010001110000010010001000001001100001000000000101010011101110000
10000100000100100011000000110001100000010100001010010101001000011001010000011000100000010110011000111
00000000011100110011010000011000000010111001000101000000110000010110000010000011101100100000000000010
01111001100000100000001000000010001000000010011010000001000010001001000101101111001100010000011000010
01000000010011010100000100100000000100010110000000110010000110000110001011011100000000010000100001010
00011101100011011000010000101101000011100100000000011011001100110000100011000001000110110100000000000
00001010110000000000110000010101010001110000100000100000010101001000101001000001101100011000111111001
01000000010100010000010000000010010111000100001000001101000000000001110000100010000000000000000100011
00010101000000001101000000010101000100001011000000110100000110001001000001001101010000110000100000000
10111000100110000010011100101000100000000000000101110110110000010000001000000100000110000000001000000
01000010100010011010110001000010000001000000100000000110100010110001001100001001000100001010001011001
01000111010000010001010001010001101000000100010011101000001010000000100100101000110100000100100001001
00101000001010001000000001000000110001011010000000000000000110000000110001100000000000000000000000100
00001010001000010101000010010000000010000000100101000110000000010000000000011000101000010000100101100
10000110000010110000000000001101000010000100000010000000001100100001001011011010110000101100000000000
01000000001001010000011000000010010100100000010101000000100000011100011000011000000010100000001001000
00110001101100010000100110001001000000010111011010000001010010101000100100010001010110000000011100101
00001010010100010000100101100001110001100010100001000011101000011000111010010100000000000010010101001
00000101000100010000010010001010001100011000010000010100001000000010000110100100000001000000000001001
11101001111001010100100100000000000011101000010011010100101100001110110100000000010001000001010001101
00011100000010110001001011011001000010010000000100001101000011000100000001011000000000010100101101000
00000101001001101100000001010100000001100100101100000000000100010000011100010000000110000000010011000
00011100001110100001011111111100111000000011100001000111001000000000001010100000010000000000100100010
00011000000000011000000000100000001110000010100000000001110001101100010001010000010000000111001010001
10000010001100000001101110100111101100010010011100100011000100100000100110000100000110010010000000000
10000011001000110100010101000100101000010010000000110000101100010010000100001000110100010000000000000
01010101000101010010010100000010100001001001000001000101000110000101101100001000000011010110000000000
01001100001000000011001000000001001010100000010000000101110001000001100000001010110000001101011000101
00100100100000111100000000010000001000001101011000010001000101000100001011010000101101000010000000001
00011000011000110000000010010000010000001100000010101000100100000000000000110001001000001011101001000
00100000011000000100100110000001000001000000001010000011100000001001000000110000000010100000000010110
01001011000001100000001100011010000101110000010010101110111000000010110000000011001001100100000010000
10000000010010010010010001101000000011010000010000011000000101000010000011000100101001101001010010000
00010000110100100101011000100101010001010101000000000001000000000000000000000010010101010010110000010
00010011101011000000001010000011100011000001001001011011100000100000000010110010010000010100000110000
01001000000011000000000100101000001100000000111000000100000000000100000100001100010100001010001000001
10110001110010111000011100001001101000011000110010001000010001101010001000010001011000001101000000000
11001010100001000100111001001011001010101101100000000001100011001010110000100001100011000010010000100
00010011011001010100000000001010010000110001010000000001000000000110110001001010001000100011000011001
00001100011100010001011010100101011001000100100110101000000000100010110000001000000000010001010100110
11000000100100100000010010110010000000001010100010000000000010001000011010101010010111000000001010100
00000011001001000000000000010000000000100010001000001010010011110000001000110010001010101000100110100
00000000000101001000010000100100100000010001000001100110011000101010010000000000000000011000010010000
00010110000000000000110100001100001000000010000110001000110000000001010010000110001000100011100010100
01101110011010000000100000010100000110010000000100010011000100010000000000100001111010010100001001000
01010000000000110001100011010011010000000011000100010011000110000000010100000000111110001000100101000
01001011010000100010100000000010010110110000001000101100011101010001000000011001000000010101110100101
01000000000000000001001110010100100000000011100000010000101010001100000000000010110000001001001000100
00001000000011100000000010010111000001001000000001101000001000010100100000001000001101001110000011000
01000000011010101000101000011000101001000010001000100001000110000010101001010100010000010100010000000
01110010000001010100110000000111000011011101110000010001000000101001101000000010001100001000000010010
00001000010111010001000000001001000000000000100010010000001000010010100010100011001000000001000101100
01010000000000100000100110000000000001100000101000100000001100001011001010100100000000000110010100100
10001000100001100111000010011000001111001010100100100100001000000100110000000000101000001101000011000
10010000110100000110100011101010010000000000000000110000011100000000001111000000000011101010000110110
10010010011101011001101000000100010010000000000100100001010000011000000010110111100000101000000000100
00000000100000110101101010000000110110001000001011011000000100000000000011011000001100011101000010010
00001101101110010000000000000011010101000001000010101001000110100001001000001100000101000010111001001
00100000011011000100110111001000011001000000110111000001001000101100111110000000000000000100101000000
00100010000000100010001000010010000111011100010000010010000000010000100000000010000000000011100001000
10000010110100100000011000001000011100000001001010001011000101001000100110010000110100000110011010010
10010000001001000110100000000100101010010010011001110000001011100100101100100110010101111101000100001
00000110100001001000001001000000000000001101000011011011001100101010100100000000001110100101011000000
00000101101000000001010010000001010100101001011000100000100000110000100010001100011000000000010000000
01001000100010011101001010000000001000101000100110101011010010000111011110110000000100101000000100010
00100100010101100010100010000110011010000110000001011010000010100010000001001111010000001001111101101
00100100010100000000010001100000110010010001000000000110011001000001000000000001011101110101000100010
