00000110100000000000100011100000000000010001001100111101011010100010000000101000110000010000001001001
00011001000100011001000000100111100010000111000001100000100000010010010100001011000010000100000000100
00100000100000000001100001100011010100100000011000000110100000001110100101001011000011101000000001000
10110000001100001100010000001000000011010100001110000010010001110010111001010011000001001000011100000
01000010110001110000000111000011100100000001000000000000000000000000100001000111100000110010001001110
00101000001010010111000010110000010011000100001010110000110100100100000001000000100101000100001000101
00000100100011100010001000110001001010000001100110000001100001001000000100001001001010100000010101001
00000100000000100000100000000010000010000000101101000000000000001010010000000110100100000100000000000
00000001100000001101100000001000011101001011001010110010011000011000000000001010000110001010100000000
00000000000010001000100001010000100100001000010000000100000100110001011100000100010110000111110010100
00011000000000000001000100100010100000000000100010000000000010100000010111010110100010000000000101100
00000000000100000000100000010101101001000000101101011001010000111000101000000100000100001000000110110
00001001000010000010000010010111100000000101001001001000000101000010100111000100000101111010000010000
11000001011000100000101000011000100000101010001111100001000001100000000001000100010000101001001100000
10000000000000100010001000101000101011000000010000001001110100000010100000100110000100010000010011000
00100001000100010100100110010100000100000001100000100111000001000101100100100001000000000010110100010
01011000000001000100101000011001100000110000001000000000000000000000000000110000000100000000001010100
11000001000010001101000000000100001000110100000001111100000100111110111110011110000010000101000000000
01001001000010100101011111000100000001110000011011010000001001001101001011000011000000001000000000000
10010010101011000101000100010010001000001110000000000000010000110100000000010000010101010000110000001
10100001010000000111110001000011001110011100000001010110100100100010000101000110000101100000010001000
01100000000100001010000110100000111000000001000000000001011000100000010000001000001000001001000000100
00100100011001100100111010000100000010000011101010100100010100001000110000010001100100100010011010000
00011000000000010010000011000110101111000000010010100000100011001100010010100001000000000001000100000
10010111001100010010010100100000010000000000001100100001011000000110011000001011100101000001100000110
10010011110010101010000000000000101010101000000000010000111000100000111000000100000100110111000000000
00000000000000000100010010010001000110110001101001000001101000000000000000000100111001010000001000000
00010010001010000000110001110100100000001111000100110000000010010100110100000100100010010000000100101
00110000000110010010001000010100000000000000000110100100100000101010100010010000000000101010011010001
00000110001000101101010000000010001101001000111001000100001100100000001010011000010101100000000000101
00100000110010000110100010110000100000000101000110010100001001101100000000010000000001000000011000110
10001000000100000010000010100110000010100000000000010000011010000100010110000100000010000101110000100
00110000110001010100110100010100000000000010110000000001100101000001010011001010000000001000001010001
00000100010001001010001100000000000011010011000101001000000001001110011010000000110011000100100000010
01110010001101000000101000101011000001010010001011110000010000011000100000101010110110110000101110001
10101110001011011000100000010000000010001000101010010000001000000011001000000110100000001000000000000
01011010100000100000000000000000101001100100100000001000100110100001000000000000110100010011000000100
11010100100000001100111010001011001000010100011010000111110000000111001010000100101000001010000011011
00010001001000000000110100001001000100000000000110000101000001010000110000101000000100110010000000001
11000000001010001001000011010100000001001001000101001010100110100111010000000000000110011000010101001
01010001000000000110011001100110000010000000000100000000100000010000001000000000001000000011000000000
01000100000000011000001001011000000000000110100010000000100000000000001110001101001000000000000001100
00100101000000100001011000010001001000100000101000111010000001000101011001000000010011000000001100001
11001010100010100000000000010001001100000100011001000010000000000000000000100000000000000101000011100
00001111000111010010000010000100010100001011010101000100010001011000011000111001000010001010000000001
00001000001000000010010111100100100010010010111000001000000000111001110000000001001000100010010001001
01000010000000001100010000000100100101100000101001010001000010000101100001000111000010001011101000000
00111110010111110010100001000000011010101001001011101001000010010110000110000010101010010010000000100
10001010000001100000001000101000010000010001000000010100011101000100000000000000010100101101010001000
01110011010000110001010100001110110100010001010010010000010110100010001110000100001010011000101000000
00001100001100001000001001000000110010000100100001000000000001101000101100101000010100000100000100010
00011000110100010110000000011000000100000101000100100000001011011100101000001100001100000000000001001
10101110110001001000001000001010000010000000001100100100101010010000000010000000000000000100000110001
00100000100000101001010000101000001100001010010101100000010010001000000000001001101010001000010001101
00000010100001100110000100101000000000100000011000011010001010101100100110000100001101000010000000001
00001001000000000101001011010000011100000001000100001100000000000100000000010100001010010010111000000
00011001000000000100111000100010010001001100000011000010100001001000010000000000000100001001111101010
01001001011001100100100000000000001000101001001001100100000000100100001100001000001100010001000000000
01100100100001011011000011100000000110000100011100000101000010001010100000010010001011110001010010001
01000010010001000100000000001110101010001100000001010010000000001100000000000000000000010001100000000
00100100100000010000100001010100010100010000111001000010000110010011010010000010110000100111000000000
01101100011000101000000000010111000100000000000000000000010100001000100101001011100000110100000100010
00000001110001011010100000010100110001010101000100010000000011001001000100100010001101010100001010000
00011010001100000010001101000001000000010000011101001111000000100000010000010000000000110000010001110
00101010000010110110111000101010000100100110010011010000100111000100110100000010000101100010100001100
00100101000010110000011000000000000000100101010011000000010101000011010011100100010100000000000100100
00001001011101010000000001110011001101001110001101000011011100101011011011000001010001000100000001000
01000011100010100001100000000110101100000010111100000001001001000000001001001000101000010011000001100
00000010100000000000000000010001100011000010000001010110001000000100100100010101100100000101010000000
01001000000011010000000000001111100100000000010010010000001101001000101001100100001000001010101000100
00001000111000000000010000100000001100000100010010111010000010101000100000100001110100010001010000100
10000101011000001100000101001000010101000001000010101000011001001111000100000000001011000100010000011
01100100000001010011000010100100100010000010100101100011100011010001000000001000001100010110010100000
10001001001001000100001010100000000000100010100101000000011000000100100100010000000011101001010011000
10000100010000100000000110010010100011010000000011000001101000101111000000011000001100010101010100001
00000010000100110000001101101010000000000001011000000100000100001000100100001000100100000101010000010
00000100011001000000000001010001010000011110000100110001100100010011010110000110000100000100000110100
01001101000000000111100100001000100110001100110011100111001000000100100000100101001010000000000001000
01110010000000010000100010011100101000101000010100100101010110000100000010011010000001000001010011000
01101000010001001100100100000010000000011100010100011001110001000000001000101000101010000110010000100
00011010000100001000011000110100000010010000000000011000100110010000001000010110010100100001000001000
00100000010101100110110000010000000010000100001100100001001010000000000010110010000000101100000001000
00100101100010001100011010000000100010000010110110001000000000000000000000000000010100011111001001000
01000100000010010011110100110100001011000011001010010100100001001000100010001010001000100001100100110
00010110000000000000100001010001000000001110111010011110100001100000100010000000000110000101000000001
01000000110000000100010110010010000001111010000000010000001100011000000000000001010000101000000100100
10011100100101000000000011000100010000011011110010010000100000110100000001100010011000000101001000010
10001001001000011010001010010100000100000000000000100100100110000100001011000000001000010000100000100
00000000001000000000000110101000000010000000000110001001100000001010101001100101010011100100000100000
11001001000000000011000000100101100000000000101000000010000110000000000000010011101001000100010000000
00101000100010011100001000100000100000000010001000010010100000010000110000001000100011101000000111001
10011001001110101000001000010001000101010010000010000101000001100000101110111001110000000110011100000
00100101011000011000100000100000000101001101001010010010000000110001011011000000011000011011010010000
10110100001000100010100101000110010000101010000010010001010001000110100100001011000000100000111000100
00001000001111000010000101110010010000001000000010001001011100100100101010000110111001100100100011111
00001000000001100000100100000000000101110110000011000000010010000110100000110000100101000001010000001
01100100010011001001000000001110010001011000000010000010000001110101001000001001000001000000000111010
00001100010000000010011000100000100100010000000000101101010101010000000001010000000001101111000001001
00010010001000001100001100001000001100101000000000100011100101001000011000000001000100001100001100010
01000000000010100010000101000011100010000000010101001000000100000011000000000100000000001000010101101
10011100111000110001011010100000000000000010000010000011100010100001111000010011110110000100100100000
