01000000001001010000000101001000001001011000001000000000010010011001000001001001100001100001011000100
11101000110010010010001100100100000101000101101100100000011000100000000100110011011010010000000010000
00100000000001101011110110101000000000100010010011010000001101010101001001100000110001000100011000000
10001010011001010000000100110001100000000000000000100100010100000001000011001010010010000010000111010
00001000100000000101110001000000101000100100100011101000000000001010010010001100101000001000000100110
01110101010110001001000001100111011000001010100000001111101001000000100000001000011001101000000110101
00000000100011010010000000010000010101101010100101100000000001011010010100000111001000011011110001000
00010000110000101000101001011000011010101110001000001000100010001011000001001101001001010010010110000
01110100010010100001001001001110000010100001100010001000000000010110100000100001010000000010100101000
00000100000001000101000100100000001000000000000011011010110010000001000000101000000011001101101000010
00110000110000011100101100010010011000000011000000000101010101000000001001011000001110010000000110000
00000101000101100010100111010000001000000100010011000100000000000000000010010001100010000110100010000
00000000111000000101000001101001001000101000000010110100100000011000110001001110100001101000010000001
10010100010010011000101001110010000000000000001110010000000000110001000110010000100001000000101000001
00000010000100100100001000001001000111011000000010001000001100000101100010001011000100010000001001000
00000000101110000000000101000110101100000100001100011010001011000010010001100101110001000000000001001
01011100000000100010011001110000001011100011001000000010000101010000000000101100011000011000000010000
00000110000010100100100000000000100001100011000110000100000001000111010000100000010000001000001100011
11100100100000100001001100000010001001011110100000000101101110100010000111100000000000010001011010000
00100011000101010101001001010001001100000101100101101001010100110100001001000001000010001000101000000
01000100000100101000110000100100001100111001000000101001001110000001000000100100101000001000101001100
11000001001001000101110000101011000010000011101100000010001010010000000011010001000100000000010101011
00000001001000010010010010010010000000000000000110111100000000010000000000110000100000010001000101010
11000000010010001010001001001100100100010000000101001111001100110100011011000010101001000111001000010
00000001000101010000000000110111110000010010000000100000100110000000100000000001001000001010010011010
01000110000100100000000000000001010001110001000010000000000100001101010011100100001001100100001001001
10001101001100001011000100000100000010101001100110010100101000000000000100100100000101001000000000001
11111001000000001011000000000001001010000110101111010001110000001000000011000000010010101011001000100
00010000001010011101001100000100110100010001000000010001000100010000001000000010010100100100000101100
00001100000110010000011000000010010000100000011001101001111001010001100111000110000000101000010010111
00010000010000000000011000000100100001001000000100011101100000010000111001101100011000010100000000000
00010100000000010000010101000110011000111010010000000000100010000001100000101000000000011001000000010
00000110001111011010000001100000000000110001000000100000100100100010101001100010000000010000010000010
00010001001001010001000010100000000100100001100101000001100011000011011100100000010101010001000001000
01000010100000000000100100000010100000100000100110001010000110000011000000010010001000010000000001100
00010001010000000000100000001110001000000011011010010101011010000000000000100010111000101000111001000
00001000010100000100010100010001100100101101001000010001000100011011110001001101000100100100000100000
10010100000001000101001000010000000000000011000000100010010010010010100100000110011010101010100100110
10110010010001000100000010000000011011100001001110100100001100000010011100110100101110011011000001000
00000000000001110000011001100011000101000010110100100100101000000001000101001000100000000001100000000
10000000000101100001110000100000011010000011000011000101111000000101001000100110100001000001001000000
11100001110000010000100110001100000000110001001011001001001110010001110101001010001000001101000000011
01001010100000010011000101100101100000110000001010101000000001100100000011010010101100001010000100010
01101001010000100000000110100000010100010100000000010100000100001010010010110001101010100001000111000
01000101010001000101001100000100001000011000101111101100000001001100010000100000011100010110000000010
00000000100000000000001000010101001000101000010110100101010010000000000001100100010100110011000010000
01000101001010000000001011000001101000010110000101010001000001001100010110010000100100000100000100000
01000000010100010000000000010011100100010000001101100000000010001100100001011110001001000000001100110
10000000001100100010000000001100010010000000000000000000001100010001000010100000010110001100010011000
00000100000001111000000101000001000000000010110000100000001000100010010010001000001101111001100010000
10110000010001000011010010111000100101010010011000110000001000101011001001000000000100011000010010100
00101000110000100010010111000010110001000011000011001101010000100000010000100000100101000000010100001
10010100000101000000000000000000011001010011011000001010000000010010100010000111001100100011001001000
00000100010100000000101100010110100101101000100000000000000000011010000000000000011001001010010110100
10001000000001010101010010100000000001000101001000001000001010001010000000000010100100011000101010010
00001001001000000100011010001100101001110101000010101001000101100100000000100000010100000000010010010
00000000001100000010000100010100001010001001100100010000000010000000001100000000001000100110110101010
00000000000101011000010010000100111001000000001000101110101000011101010000100010101000100110000000110
01010110000000000001010110100000010101010011011000001000000000010000000000101001011010000101010001100
00010011000000000000011001000100001100000110011000000100001000000000010100010000001101100011000001010
00010000000000110110110001011000000000001010010011001100001000000101000010100100001010001000001001110
10000000100000101100101000100010000110111000100100001010000001000001000101011001000011000000000010011
10010000101110001010010001010000100010101010000101010000101100110100001000001000100001000000111000001
00101000101010000000000100000001001001000000001000001000000001100000101000010000010000000100001101110
00110101011000000001000001001110101100100001001000000101001001100110100110100111000111010111000000100
01000000000011001000100100100000000011011000000010001011000001001110000001100110110000000000011111000
10101100100001000110000000101001101011110001001100000100000001000010000000100000001001110100001101000
00001101010000000000101011000000001000001010101000010101010110100010000001101100001011001110001000100
10000110010000011000010011000001001100011011110101100000110000001000000000000001000001100001001000010
10001000100000110110110010010000010000010100000110001000011000100100101110011110100101001111100010100
10001100000101000000000010000100101000000000001101001001000000101010000000100000100100010010100010100
00100101100010100100100110011110001011000000011000000010001110010001000100000000000100101100011010011
10000001000001110100110101110000011011001010000001000000100000101001010001100011110011010000000101010
00001101010010000001100000000001101011000000000000100000110000100000001010100001100001010101000001010
00110000000000010000100001001101000100000000001001010000010000000010101000000001010100001001001010000
01011111000100000101001100100101000001100000010000010100000001000001100010000000000001010000011000110
00000101010000000000110000001000100000100001000001011000100010100101001010110100000010000010100010000
00010010010100010010000010110011010000110000100001001010000000010000001000101000001110000000000000000
11000010100000000000011000010000011000100011001011001000100100000000011000001100000111000100000111001
10110001000010110010100000010000010100000000001000000001010100000001100001000101000000000010011001000
00101101000110000100100000000000010010001000000000000010011010000001110001101010011100000001000000001
00000010000010011001001010100000001000000101000011100100000001010110000000011000000100001000101111000
00110010101010110010000101110011001100000000001000000001011000100000101000010100100011000000000000000
00110000001001100000000000000000101100001100001010000001011000010010110100000000101101000010010000010
00101100000010010000010000011001000011100000100100011010010000000110000000000000100010100100110001000
00010000011100000000100010001110010010001001000100100100100000000100100001101101010000000010010100010
10011000010001100111000100000000110000000011010011101100011000101101000000001100001101000100100000011
01101000111100000100111000001100110101001100000000010101100100010001000000001010000010010110001011001
00001110000000000110000110000000100000010000001011000010000010001001001101010000010000000010101001101
11100010000110010000111010000100100000000100101000101011000001011000100100100000000000000000000100000
00000000011010110001101000110101001111100001010001001011000100000110101010010110010000001010000000010
10001101000101001100011000010100010001000011001000001011110000100101000010010001000100001001000000010
10000110111100000010100000001101100010000000110100011000100000011000100010100000011010001010101100001
00100100000101101100110010000000010001000000010110000001001100000001001001000000100000011111000100000
11110010000010001000100000000000100001010100100000111000100000000010100100000001000101000001101010000
10000001000110010001010010000001000000100000001101001100000000010001110000001110100000000010000100100
00110100101000000000010000001010101000100000010000100110000000000010010010100100110000001011101011111
00000100111000010001000011010010010111010100001100000000000001011000000110110000100010000010100000001
00100001101000110000000010001100000000100001010000001000010100010101100000110100011000101101001011110
10001000101110000000100010000000000011010100000001000000001001001101000001001001110001000000101001000
10000010000001011011101011100100000001000001011000110001101010000000110010000001001000111010010100100
