00110011000101000010010000000010101000000010101001100010000000101010000100010110000011010011000010000
01001010000000000101010000111011100000001000000101100010001000000000110000010100010100110101001101000
10010000000001010010000001010100011001010010100000000011010110001001011000000010000110000010000100010
00010000100100000000001100001100000000000001001000001001100011000010000010001001000101000101001000001
00100111010000000000010000000100001000110000000101010010010100001100100101010000001000000000010001000
00001000010001010110011010001100001010000000000110000010011010010001001010000001011001010110000001001
10000011000010001110000101000000001000100011000001000101000101101100111000000010100000000110010000011
10010100101010010001000000000010010000001110011100010010000100011000010010001000000000100000110110000
00001011010101001000110100000000010010100000100010000001001011010000100010000001010010000001001000010
10001010101010000000000001010101101010000000111001000000000010001010000101110000000011001000010110010
00010010000011010010110101001101010100111000000100100000100000011100101000100001000100100000000000000
00010001001100100000000010001010100101001100000000011000000000010001010000011001100110000000100100111
00000000001011101010110001100100000110000001000000101000001100110100001010001000011001100101000000010
00000000000010010100100000000000010010001100010000010010000000000010000000101001010010001100001011001
01000000100010000000010000000001000011100001001000100110110000100100100000101010001000010110110001001
00000001001111001001000110101100000010000001010001110101000000000100011100001100000000000000000000000
00100000100000000001000000000000001000001111010010000000010100100000000000000101000000000100000010010
00000001010000000111011011010001001001000011011010000010001011100001000001100100100000000110101001000
00000000100010010000010000000000011001110111110001010100000001001101001000000101000000010010000010011
11001000100100000011011101100010001000000100100010000111011100010001000101001001000001000111000100000
00100001010000000010100100110000100000100110100000011010100000010000010000100101100010001000000000100
10100001011001110000101001001110000001000100000001110001101101100000001100001000000001000100000000000
10000111000110000100100111000001010000111010100010100000000011001010010000111011001101000110001011010
00000000000100010100101000100001000100011010000100010001001001100000001100001110001010101100000000000
10000110000110000000000100011110000010100000111100010000000001001101100011001010011001010000010110000
01011001001100110110010101010001000000100110000000101000000000100001000010101110010010001101100000100
10000001000100000010000001000101001101000111000100001010100101000000010000110000000000001001000000100
01000010001000100000100000000011001001000001000011100010000101011000110000000000000000101000000001100
01001111000000100101000001100100001000000101100000101001000100001111001000000100100010000001000001001
01001001001000111010110000001001000000101001010100000000000110000001010000000001010000010010110100100
11100011000000000001110000011100010000001100100001001000010000001110101011000001101100000000001100000
00001100111000010011011110000100000010101000000011001000000110001010111110111000000100000001100010100
01001000100000001100000000001110000010001101000011001000000110000100000000000000100100001101001100000
10110010100001010011000010000000010000010100010100000000111011010000001100000101001001100010100000100
00100001000000100110100011100010100000111010000000010111011000001111010111100010010110010011000010000
00000000110101000010000111000010000111100001000101000100000001000110010110001110110001001011011001100
01010000010110110000010000111000010110011010011000010100011000001000000101000000100010000100000010110
00000100001000001010000010111001100011001000001001010010010001001000000010010011000110100100001011000
10111001000001011101101000100110100101010000000110000000000010010110011000100000001001011010101110000
01001001000000000000000000100000011000000011000110001110011001000000101110100000010000001000110001010
00000100000100000001100101000001000000010001011000110000011010000010000001100001000000010100010101011
00001000000000100001000001000001011001000010000110100000101000000000111100000000000011001111100000100
00001010110001010100010010001100000111000011011100011100100001000000010100100000010110100000000011000
00000110001001001000000100010000100100000001000010000000001010100011000101000100010110100100100100010
00001100101010001010110000000111001001000100010111110000000101100101101000001000011000110000100010100
00010110000000011100010001010000011011100000000000010000101101000000010000011100011000000101111000011
00100010000011000011000001101100010010000010010110010000000001000000000000000100000000000000000010100
10100000001110110000100100100100101000000001000010000000110010010000011100011001001100010011010000000
01100000000000001001110000000101001010011001100000100110010010001000010100001110010000000010001100011
00000000000110101001001110010100100010001111011110001011011000000101000000010010101111100000000000000
00000100000000000110001111010000001001001001000000110000000110111100111010011000001000001000101101000
00110111000000001010000000100100000100001010001010110000000100010000100000001011100001000110000100100
00000010000101100100010000010110100110000100001010010000000100110110011011011010000001101100000001000
00001000111000000000010010000101101010000110000000000000001000010001011010101000000000100011010010000
00000001101000010010001000010010100110010000011110000010010100000011010100100010000000000010000010000
00100000000000011000000000010010010000101001001001111001001001100001010000010000001001000000001110111
01000000110001000001011010000111011000111110010100100000000000100110110000100011101110000000001000101
10001100001100010001000000110000011010000000100000001110100000000000001001000010100010011011000001010
00011000000000011000110011000110000000000000011000010101000010100000100101000010000011010000100000000
01000100011011101001000000000110100010001100001010010100001001000000010010010001001000000000000000110
10101000100000000010000101000000011100110000100001000010001100010000000001000110101010011000000010001
01010000000100011111011111001010011000101110110100100000000110000000001000010000100000000100001001000
00010011100000001100100010100100000100011000100011010110100100100000010001000000000100000000101010010
10101011000000100001000101000100000001100100101001011100001100000010010100000001001000101000001001110
00010000010001100110000000110001000000010010000001000100010000001011100010000100000010110000000101000
10000000000001010000000001100010011000010110000000011000000110001010000101001011011101000101000010001
00010000011000001100100001000000000000001001010011000100011000000000101001011100001010010011101000000
10010110000000000000000100000110100000001010000000001000000001000001001101010000111010100000110011100
01000001001000000000110111000000011001011000100110000000100000000111000100001001000100100000000000001
00110001000010000101010111000100001010000111001001101001001010001000010010010000000100001100000101100
00001100000000000101100000000010110000010110000000010100111101100001000011000110100010001000010111001
00000110100001001000101101000000111111000000001000110101100011000000100001100100000110000101000100000
00001000000011011000011011000001000101000110100100100000100000000110000001010100110010001011010000001
00001000001000100101000000010010100100010100000000110001100110000100101010010001000001010000000000000
00110010010111010000001100010100110011001011110001000010011010010010001010100000010000001100110000000
01001010000100000000001001000001000000010000100000010000000000100101001001011011101000010110010000000
10011000010001011011100000010010000000010011100000101000010100010010000100010001000000101010000010011
00000100100010100010001010010000001000000000000001010010100110100000000000100000010000101000010100000
00000111110000111000000000011010000000100110100100000001000000000100110001000110010100100100001010100
10110001000011000101000000001101110011000100010100000000100101011000010000100000001000100000000001000
00011100100100101001011000000100001011001101110000001000100100000001001000010001010011011110000101100
00001001000101000100101000101000010010010000000111000000001110011000110010000001001010000000010101101
00001001010100001000101101001000101101000010010001011100010010100110001100000101000000000010000101101
10001001011000000000000011000000001000000100100000000011000111000001001010100110100010000000011010000
00000000001110100000010000010000010001000011000011010100010100010100111010100011000000011000000101000
00000010011101001000000100010000000001111101011001100000000100000110000010010000000001011100110100110
11101000000010010011000010010100000000011000010100110000000001011000001101000001100010000000001000001
01010000000100000000000000000010100010010110000101000000000000010001000010001001010010010000100100010
00101110110010101000011000110101101001001000000001000111100100010000100110100100001001110010111100100
00010000000001000010001001010100100010000110110100000000001000000000001110001001100000111000101011000
00000011000110000001001101011001000110010000101001000100001100000100101000000000001101100100000000001
01001000000100000000000010100001111000100010000100000111110001001001001100000110100110000000000100100
11100101010101000111000001010010000001001011011010100001000001111000000101010010100010110000001000000
00110000000111001001000010010000000101010100001000000100011101000010011001000000000110110100010100100
01101100010110000000010100010001000000010111000111011001110000000001001000100000001000101100001000100
00100100011000100001001000100000010001000001000010000011000000100101101000000010010010010100100001100
10010100011001100000010111001000000000100111001011000001001111100100010100100100000100000110001010000
01010000000001011101000001100000101100010000001000001100000010000000000100111010001010100100100100000
01000101110101010000000000000100100101100101111000001010001000000100001001000100001000000000000110000
00000000111000011010000110100000000101100100010000001101000100100000000000000001000000011100011100010
10001000000000110010011001011101000011001001001001000010000000001000000000001010000000000010010010001
