00000001001000000001100110010000000000010010001011010001001010000010010000001001100000000110010000001
00010011001001000100001011010000001101010000011001000000100010101010000000010010000000000010011000011
10100000010000000000100000001000010000010100010000000100001000001000010100010010000110111000110001000
01000100010010100010110000000010000001000000101001000101001110010000011000001100010001001010000000000
00101000000100000011010000000000100100000000001010100100001000000111100100011010100110010111000000000
00010000000000000000100000010000010001000001011011000000101001110100100101000000000100100001100000010
00011000000000010000111100100011010010101100000100000000000111000000000010010001000011000000000001100
00100000001101100010000010000101001001001000100000100010000100100000110101111011010001100100000100000
01000110011011000010000010110010100000010000000001110000100000110001000000001001100000000001000001000
10001001010001011000100011101110000000100000001000001001000010100100011100101000000001000000000000010
10000101001000100010000000000000001000000000011010001100000000000001000101001001000101000100000000011
00010100101000000000000000111010100000110111000100000000001000000001000100110100011101010010000110100
00101000100111101000001110000000101101111010101001000001101011000010101001000000000000000110011000010
01001100001100100010011000000110101000000100101010110100000000101001011000001001001111110001000000010
00110001001010010011110000000111000100000000001000101100100000000010010000010101000000100100000000100
00001000100010000000101101101000000011100100011000011000010000001101101000010011100100010101001001000
10100000010101010011110010010111110000010000010001000000001000000001010001010100000001000001001000100
01000101000000000001010000100000001001010100100100011111011000011001010100010100111000100100010000100
01000101010000100101000001000100100000000101000010010000100001010100000001100110000100110101000101010
10001000011111010100010000101000100010010000101000000111001010000011100100100000001010000001010000001
00010000001100001001000101000011000011001100101000001000010100100000101010000001010101100000000110000
00000100010100001011010010010100000000010100011010001010000001001011000000100011001100000001000000000
01000000000010110100101001010001000000001001010010000010100010010000001100000000011000000000101101010
00000000100100001011000110010000010010111100101100101011010100010001010010010000000010010000100000011
11100100100000010000101011101100000110100001001010100000000000110000010000000001010010001100010000001
01000000100000100001110001000010010011000011000010010010001010111001011000101101000010100000001000101
00001000000000110100001001010011001000001000101010000010001001001011001001000110001011100000100010110
01001000001100000000000000100001010010000000000100101000000000001010000001010000000010111100100100001
00000001000000000110111000000100100000010110101000000110110000011000000101000001001011011011010110000
11001010001101010010001000001001001001110000110110101001100010100000000001110100001011000000011001000
00101000101010010001001100001000010000100001101010001010000000010100100000000000000000001000000100000
01000100000000010011001000000011000000010000000110000010010010100000000000000000010000000000000000001
00100001100010010000111000101011101110010001001001111001010101001100110000001000010011000000010000100
10100000010101000101000000110000000000110100001100001000000011000101001101001001000000001010100000011
00001100000011001010000000000000101011000000000000010001100100100001010010100110001101000010010000101
01010001000110110100111010100010010001110000001001001010000001010000100000000001000000000000000000000
10011000100010010100011010000001001000000100010000010000110100000100000110100011001010100110001010100
01001010001010000000000010000111010000011000100000000000000000000111000101110000010101000101001000100
01010000111000001010010100000010110000100000010000001000100000010000000110000100110000010000001000000
10100000100100010011100100000000011000000000101100010101001101000000000101001000000000000000000000101
10100010000010110100001001100000001010000000010011001011000001000000000101111001000100111010010100001
00000000100110100001000001001100010110100100010010110000000100110111001000000000000000100010001101001
10100000010100000001000101000101100000011000000000001000011100110001000000001001000011000110010001010
00011001001100101101110100110110100000111001000000001110001010000010010010000101000000010001000001000
01100110100010000010010000000000000000100110011011110010010010001000010000011101100000110000000000010
00010000000000100000110001001001010010100110000010010000000000000101001010001110101000100111001010000
01011110001001000110010000000110010000000000000000010100011000000000100000100010010100000100010010011
10101001010011110000001001000000010100100010011000101010000100010001111001000010001000000000100000010
10100011000100000110000011001010001010000001000000001001000010000111000000001001001000000100000000100
00001001000010001010001101101000100100010010010111101100000001000001010100100000101000010001011000000
10100111000010000100010000001101001001101101000000000000100011011100100100110011010000000010000100100
10000000000011011010001000000000011100000010100001000000010000111100100010010110100010011010100100110
00100000010110100000000001000101100000010011100100000100110001100100111000100010001010001010100001000
10000000001000110011001000001000100111010000011100100100000001000100000000101010100011000000011010000
00111000000000100010001000101001010000000000101001000010001010100000001000100010010000010100000101110
10000101000000000000100101110000000001110000000010000001000100010000100010110010011010010010010000000
10100100010110100001100100001110101100100000100100010000011100001010000001100011000010001010000000000
00000001001100000100001000010000010000010001001100010000001000010000000000000000011100000011101000001
00101000100111110011100000000001000110111000010010100000000000010100010110101000000000011001100010010
01010000100000100101000011101100100110000100000000000100000001001000001010010001010001001000011001010
10000010011010000011101000100011010000100011000000110010010000010000000110100100010100000100010000100
10100000001000100000110000100001000001000001000110000001001000001101000000110100101000000001010001010
10011010100111000001100100001000000101001000101010001000010000000000010000011001010100011010001000001
11000000000010100111000100000101101101000100011001000110000001100011001001000000100011100000000001010
00001000010100000100000000001000110100001100000000100110101100111000000000101000001000100000110000010
00001101000100001100000000100100000000010100111000011000100110100000000111100101010110000001110100001
00010100001000000111100100010110000001000000110000000000011011100100000000110000100000110010000001000
11000000100100000000100010101000000100100110000110000001000000101101010011100100100011001100000000001
00110000001101001100000101100001000110000100000101001000000000100000000000000110001000000000110001000
10000100100010001100100010001000000000001010011010010000000100000000000101000010000110011000010000010
00010000011100100000110010100101000101100010000000001101010011000001100000000000010111010000000100001
00100101101010111010000101000001000001010001000110100000000110000010100000100100011001000000100010000
00001010011001110000011010000110110001110101010100000000001111101010001001001000100011000000010001011
10100100001000010000000011000010010000000101000001010100000001010001010011100001010100010000111000001
00001001000011000000000100111101000100010000000001001011011000101100010000000010000010001001000000100
10000000011110100000000011000000001000110000011001100000110011001001010011000000001000001000000000000
10101000000000010000000110000000010000000010001000001000000010010001000000000000111001010010000100010
01000000010011000110111100000000000000000010001000000000000011111000001001000011000010000100110000001
10001000001001100100010010010001000100000010110000000000001000000101000010010000100100100100101000001
01101000001000111010000100110101001101100100001001000010001001001110000000000000000000010101110000000
10100010001101001100100010010011100001010100000000100000000110001001000101001101001001000111000000000
00001100001000011111100001010000000100110000100001011000100000001000011010000010100010100110101010000
00010010001100100010010000110001010100100110000000100010110001001100011000011011001001000100101000000
00110000001100000111010101000000100100000000000001000110000001011100010010001101110000001000001000000
01001111101101010001000000010101001000000110100011011110001000010001001001100010000011010000000000000
00101001000010110000101000001000000000010000100100011000010101001100010101100001000101100010001100011
10010000001101010101000001110010000101010010000111000010000010000011000011100000011100010000101000100
11100010010000010010101001010001000000100000101100011000000110001101000010010000001010000000110110100
00010100100000100001000110100101000100000100010001010100000010000011101100011100000101011000000000100
11001000010011011010000010010010100000000000001100100111000000000100000101010110000001001100100100011
00001001000100001101111100010110000000000000010101001110000100001000000000000010101000011011000000000
00000011010010010100101100010110000011000000011000001010010001000100010100010110011010000100110001110
00100000000110010011001001000000010100000100100010000000110000000000000101101000100011100101100000100
10000101100011001000101100010000110000001000010001110100110111100010000001010100010010111010100111110
10010000000000000100000010010011000000110010001101100110110010100000000000100000000010000010000100000
00010110001000001000100001000010000100000110000100000000101000000100000000000100001110000001010000000
00100000100001001011000000011111000100110100110110000000100110000000101010011110010100110000110100010
10000000010000111100010010000000100011000010000100000000100101001010000100110000101000010110001000100
01001000001000000001100011000010101001000101100101000100000000001101010001001100010000110000100101001
10010000110100010000001010010001000000001010101010010001100010000001000101100110000000000000101010001
00000000100100000001000000110110110011101000000100010101010101110100001000011000001000100000101001101
