00000000000000101100000111010101000001100000110010001000000101000001000010000111000100000110100100000
00000000000001000100000000000000000100110110001000000001101100100001000000110000001000110100110100000
00000000000010000100100000010001001100000000100000000100100100101101000000010001110000100001000011001
00000000000001010010000100010011000101001010010001000010000000110000000000010000100000000000001100110
10010000000110010100000000100000000100010000001001000001000010001111110100101000100000010000000000000
01101100001000100000000010110000101100000011000000000000110100100011000001010000011010100100101010001
01001010010000000000100010100000000001011010001001000101100011010000100001000000011100110011010000110
00010011010100000111000101000000100100000011011010001000000110100000100010111011100101001000100010110
11000100100000001000000010100000001111100110000000010100000000000000001101000000000010100000001010001
01000000100101101000100010000010100001000000000000101100000000000000100010000101010110100010100000110
01111110010100000000100100000110000001101000010100101010000001010101010001101100011101011110100010010
00000110000000000010000101101000000110000111100000000000000000101000100000000000000000001100110000000
00001000010110100101001101001010011000000001011000001010010000001111000100000000001001000000000000000
00001010011000000001001010010100001000111001010101000100000100100110011110000010000000000010010010010
00001010000000001000001000010001000010010000101001000000101001011010000000010110000010111100001110100
00100000000110111010000001010010010011000000000000101010011000101100011110000010110011010010000000001
10000010010000000001111100000010001010100100101110110011000011000001000000000000100010000100001010000
11000001011010100100011100000000000000001000100100000000010000100011010100100010011100001000100011100
00001000000010000011000000000010000001000001001100000010100001000010001001010110000110000100101000000
11000100101110010000010011000010000000000111101000011010100110001000100000000000101000111000100100011
01001010011100100101110000000001001000100010010001000100100001101001000111000100000100001010001000000
00000000000110100110010011000111101000110010000001101011001001001101011001000000011010000000110000010
00010010000000100001010110000000000011011100001100000001010000000001010010001110000110000101001100010
00100100100001101101100000000000001101011100010110010010100100010000000010010000011000001000000110001
11000100101010011000000000000000000110000010100000001010100000000010101001101010100100010000011000110
00010000010001000100010000100101100001000000110010000001000010000010001101000010010000000010000010001
00100001000000000000101101000000010101000000000100111010101010000100001110011101000000110110100100000
00111000001110000001010000001110101000110111000001000000000001000001010001100110000110100010010100001
00110010010000000101010011100011001110000010000100000000000001100010010001000100100110001000100010001
10000111000100100001011100101100010011100100010000000100001100000000100100001011001000000000010100000
00110100001000000000001101001011100000000111000101010010000100111011010011000000000000101001000000001
01000000000100011010110100001100000010000110000011011101001000010000000010000010101011000100000101000
11001010100000001110000011111001000000010000000100100001000001001000100001101000010000000001110001000
00101110100001000000001001101010000000000011011000000000100010101111001010000100111100000100010000001
01000001101010100001100000010000100001000001000100000000010000101000001000000110001110010001000110000
01101100101001000010010011000010010101001100001010000100110000000000110001000110010000001100000101000
10001011000100000000010000000000000001000000000010001011000001001101001101100100000100000101000000010
01001011100100011000010001010000011101101011000100010001110101000000011000010101001100000000011110000
01000000110001100011110100110011000101010000001000110100011000110100100000000111000100010011000010000
10001001001010100010001001001001000111100000100111000100001110100011000000100000010001001100101100010
00010110000100000000010010010010110110001000000000000000010000000010010000000010000000000110010100101
00100000110111001101000000000000100010001100000101100000101101000000101100101010001101000000001010110
10101111001000000000111000010100000001001111101001110010000000000000001010000000000001101010000000001
10010001000100001011000000110011001111001010111000000101111100000101101001000010000000100100010000000
10000000000110011000010010010011110100100000101111001000000101000010001101000000010010010001100100000
01010010100010101000000010000010010110011101010001010100111000000110001011010001010001010001101011010
00000000000000100000001000100010101010000110001100000101000110000001000011101010011100100000100000101
01000001001001100001010000000000010000100101100100010110100101000000111000001010110100001010001001001
00000000100000010100011101100010100011010010100010100010001101000001000001000000000100010001011001100
00000000000100100110001100010100101010100001000001000110001010100110010110010000011100100101110100010
00000000011100111011010101000000010100010010010010000001000000010000000100000000010000000000000010000
01010100000110001000001000100000101010001000010000010001000100001000101110000100000010010000101001011
00000010000000000000000000000000100001001100011101101011010000110010100001001010110010010000010000100
00101000001011010000110000000000011000110001001010010010000110001000101100010000100010001000011000010
01000000100010110110100011110011010100010001100000010001010010000000000010100110010101001001000111000
00000010101000000100000000100100000100100001010100001000000000011000100010111000000110101000000000101
10000000100100001010101110000000001000010001110101010101001000001010000010010100100110000100010010110
10000000100000100011000110000001010010000010000001000001000001100000001001000011010000001000001000000
10010101011000000100010011000001001000010100100110000100010010101000001000000000000100000000010001010
00100110000001000001000001111110100001010010010010000110000001011001000111010000101010000010010111101
00000000000000010001001011000001000010001101010011001110100101000010110000100100000001001110001010000
11110110111000000001100000000000000000101100000000100000100000011011000000000100001011001000010000010
00100001010011000100101010010001000101000010001000010001001000000000000101100001001000000010011100100
00000000111010001011000000010000100001001001010000101010010010000011000000000000010101100001011110110
01110000001010000101100000011010000001001011101000010000100110001100010110100000011010011010010000001
10100010000100000001100101000000001000010000110010010001001101000110010010000010000100001000010000110
00000000010110000010010110111010000100000000001000000000100011001000000100000010000010000000100101000
01100010000100101010100000000010100000000000000001000001101000001000010100000000100000101100101000000
01001010000001110111000001101000010000000100000000010011001010100010000000000110101001010011000010010
11100000000010001101110000010000000000100100000110010001001101101010000000000001010000010000010010100
00111110100001010100100101000000001010110001011010000000110101010001001010001010100101000100000001000
01001000001000011100000001100000000010000110000101011010010010001101111000000000001000001111010000000
00001100110010100100010000000001010010010100100000100110010010011001001000010110000000000001101000110
00101000100100000010000011100000110001000100010010100101000100000110000111001000011011000110010000100
00001000011000011000001010000110100001011001010110011011000010001101100100000000000101110110000100111
00010111001010010100100010000011001100000101011000011000101000001001011011010110010000010100000001001
10000101000000010001101011000000000100110010010000100001000000010000001000001100010100011010000010010
00000000110000110000001100011100111000000000100101000001000100000110001001101000001001000000001001001
01111001001111110000001010111001001000101110000100001110000001000001101010010111111001010000001000000
01100011000001000000000010100100110001101000000011010010010111011000001100011010010010000000110100000
10110000000100110110001000000000000001010000001100001000011000101011001010000100011001000000100000010
00100010111000000010010101100000111000101110001000100010010000110000010110000100010000000010000011000
01001000000000000010000011100110001000001000001111001001010100000010100010011100011000000001001001010
00000000000111000001000100000011001000001001010000001010000100000000000100100000001000011010100000011
00111100001000000111010000100101000100000010100001000011100001010000010001010000101111000110011001000
00100000000001100110000010110000000010101100010011011100011010000100101010100010000000000000110000110
01000110100110001100000000101001010010011110101010010100011000111100001010001000111000000001000100000
11001010010101100000100000000000110110110001000100100000010001100000010101110100001000000110111000001
01001001011000100000000000011100001111000000011001100010011000011000000000001011001010000010000011000
10101000100100110000010000010000100000010110010010000001000010000010100000100100100000101000110100111
00010000010100001011010100000000000000010101011010110000001001010101001000000011000110000010000101000
01000101001000000001111001110000110000011100100000000010100001100000000000000001000101010101110001110
01000000100001100000100000010011000110110000100000100000000010011100000000010010100101001000111000001
01000011000000000001001000011000000000001010011010110101001110111001000100101011011010100000001001001
00000000001000000000000001000000000100010011011001010100010010000010001100110101000011000011001010100
00101000011001000001000010010000001011100000000010001011010100100101000100100111000100011000001011111
00100100000000100011010010100010010010000100000000000100000000000001101001000000000000100001000000000
01010011100000011110000001001101000011010000011101110000001010010000001011000000110000100000010000100
11000000000000011000010000100000000101001100001000001000100100110011110010000001000000000000110000001
10011000001011100100101010110010100000100000010011000000000010010100101010010000000000010001000101010
01000001010100000101001001010000100000000110001001100001000001000000010001001100000011001011010001001
