00000001000100100000000001001010000000000000001001001010000000001100000001000100000001011000000100110
00001001010100011000000000001001000010000000001100100000000011111010000010001011001011101100000000001
00000000001100000000000001001101011100100010000011000000000101000100001100001001000000000000000010010
00000100000000011000000000000100010010101000001000000010000000001011000101010100100100100000100000100
00000000011110010001100000000010010011010000100000000110100001010010000001001011010001101010010010000
00001000010010000001010100011101010110000100101100000010110100000101000110100000100010000100000001001
10001001011000000100001000000011010100101000010000100101001000000000100100011000010001000000001010110
00100110001101100110101001001111010111110000100101000001011010111000010000000110001100011101000000110
00001101001000100001001001110000010000001000000001110000101110111000000000011001101000000101000101001
00111001000100000010010101001000000000100100000010110000100100001011010000101001000001000001000010010
00111000000001001001000010000000011011010000001000001010010000001100000000100110100000011000100000000
00001011000011000000010100110100000000000001101000100011010010000100100100100000010011010010110000001
00100100000000000011000000001010100011000001100100110000001010010000001000000000010010100010001001010
00000010001000000001000111011001100010100010101001001000011100001001010010100001000011010010010010100
00000000100000010010010000000010010100101000100011000000010001010101000000011100001000000110100101010
01010000001110000001001100010011001110010001111001111001000110011000001101100001001000000110101000001
10010011001001000100010000011010001000000011000000000001000010011000101000010100110000100000101000000
01100100001110101000110010000101000000110010010000001000010000000010001101000000001100110001011001000
11101100001000111000100000110000010010000000000000000100100000010110101000001000000001001111001010100
00010011110101010001000000100010000101100100110100010000010001100011000010001010000101100011101000000
00000000000000000100000100101010000001001010010101010010000010001101000010001101000001101000000101100
00001111100001000100010000111010001010100000010001011101001100000000000100000010000100001000011011010
01100000010000010001001111011000001000000001000000000011000000110000001001100001101010010100111000000
10010110001101100000101001000000001000000010000100000100010000000100000101101000000000100110100001001
00001000001100100010001010100100100111101010101001001010001110000111010010100101001010001001110010010
11011010000100000011101101000110010000000100000101000110001010000000010001100000000000110010010110100
00100000111100010000000000010101010000001100100110110001101010000000110010010000000010000010000110100
00011001111000000110000100101000010010010000100100011100001000000000101000010100001000000100000010100
01000110000010000010000100010100101001010010000111100100010101110001000000100011100010001001000010100
10000000000110011101000011001111000000001111010000100001001101110101000000001100000100000000000000010
00000010000001100000000101111010011101010001100010001001010010000010010010000000000010000000010000101
11001000001000000001010001000000000001000010000000010000101110001100110010010000100001100100010000000
00000000000101100011101001100000100011010001001000000100001000111101001110000000000101100000111100010
11010000101000101010110100001000000000000010101000000010101001010000001000000000010100001001000000000
00110000010111000000100100001100010001000001000110000001000101000000111010001000011100000010110000000
10001110010011010100010000001100100101000001011001011000100100000001000100000001100000101001000010010
01001011000101101100001000010000000000000001110000000001001011100001010000000001001100000010010001000
01001001010110010100100000001001010000011100001101000100000101100010100010001001010000100000000000001
00101011001000011011000000000100010000010010010110100000001001100101100000000111000101000000001010110
01000001010000000101010011100001100000001010001000001001000001110000101000000100010101000001000000010
10000010010000000010010000010010010001010000000001100000001100011110000000000000000001000001000000000
10010011100010010110000000000010110010000001000110011101011000000000010011100100010000101000010101000
01000000000101011010000000010001000100100000110001000000000000100000011000000001000101011000000001110
01100100111000100001100000111110101010000001100110100001000100101010111100000010001011000101001000110
00100100100001001100000000100000011010000100001000100100011000001100000000001101000110000001001011000
00000110000101000000001001100100000101110100100100111011010000100100100000000111001001000000000011000
00101100001010010000010010010010010000110010100101110001000101010011000010001000010000000001001000010
10010010000100010000110000010000100000100001001100001000000000010010000110000110010100001011000010100
00101001001100000100100111010111000111101001000010000010001001000100010000000011010001101010111101000
01010100100000000000101000010000001100100000101000110101101000110100000000000111101101101101000100110
00000010010000110100101100000000001000100000010000100100010001010010011000000000001010000000010010001
00100001001000001000101100100001010000010000010000100110100000010000010101010110000101011000010100000
10100100000110000110111011000110000001001000100010000001100001001100110010000000000010000001001000000
00000011000000101000100110000100101010100110101001100101000001011001000000001011101101100010101000000
10000000001110100000100000100000101000000000000010010100100000010000001001001000000110001100101000000
01000000000001100100100000010000010110101000110001100001000010001000100100100010011001001000010000000
00001101000100001100010000110010001010000011001000110000000000100010100111100100011000010000000000000
01000100011000010000100000110101101010001011010100100110001011111000101000001001100111001000000000000
00001010000100000000001000000010100110000000001100010100000000000100011001010101000100010000000000000
10000000001010101001010001000000001010100010000000001010010011010010000000100000001000010000000000000
11010010010100000000101110000010100100000000110111101000000010000101000000001100100001010001100000000
00000011010010110000000000001000100000000000000001001110011000000011010100001000010001100010010000000
01000100000100001100000010000111100011000010011111000000001101010001001101100111010110000100001110010
00000000001001001000100110000011010010000000100100110110000000000010101000100110000010000010100001101
11110100000001100101101000000110000001001000010010011000111100100101100000000011001001100011010010000
00000001000001000000011001000010101010010000000001100010000010100000101010100000011000010101110010101
00000111010000000001100000010101010001001100000000110100000010000000101000011011011010011001000001100
01000000100111111010001010100000000101111100000101001011001000001101001100010010100100001100000100000
00101000000000100010011001100000100010010000001000110000101010010010001000101001100100000010010000000
01011100000001001000100000000000100011010100011001010011000010010011000100011000010101100000000101000
10100001000000000110000100100100111000000110100100111011010100000011000001000100110100011101001001101
00001000000101111000010001010100101000110011001000100000110000100100010010101001001011100001000000001
00101010000100010001000010100100000000101000000000000100001000001111000001100110100000001000001100000
00010000100000011100010100011101000110000000101100010001100010000000011001010000000000000111001000011
10100010000001010100000000001111011000100000000011101000000000000000000000111000010100000101000100100
10100000100000110100011001010010001000000000000110000100000010010100000000100100011100100001001000101
10000001010000100000010110000000001000001100001000100000010000000000000001000010010011100100011000010
00000001010110000000100010010000000000001101011010110111010000101011111100000101011110010110001000000
10000010110000110000010001000101000001000011000001010000000000000010100000001000000000000000101000001
00010010010000100010010110110000000101000010111001000100101010000000011000000101000000010000000100010
00010100001100000000101000010001101010000000010010000010100001000100010101000010110001000000100000011
00001110101000100100000001010011001100000001001101100000011010100000110101100001101010000010000100010
00010000010100000011110000000001000000000110100000000100010101000010010010000010011101000000000000010
00000000001000000100001100101100000010101000100001101010001000100000100010000000000010100100010100010
10001000100000110011110100000010100101010000000101000000100010001001001001100010001010000000101000000
01011001100100001010001011111000010000100100000000100010000000000000000010010001110000010000100101101
10100001100100010100010000010100101110000000000000000001000000000100001110010101101100001100010001010
10001000000001101000100000010111010000000000000001100001110100000000100100000000000000000000100010010
10000000100000000001100001001000010000000101000010011101000110100001100000000000010100100011000100001
01100110000000001111000000000000000000100100100100000001001010000000000010000000010000011101000001001
10000000101001011001001110001010001001011010000000110110100000000000010000000101010001010001111000001
10001110001000100000101001001000110111011000000110001001001000110001010110100010100110000001001001011
10000100000001000000100110000010011000000001001000100100001001000000010011010001000000001000001100010
10000100110000100100010101000001000011000100101100011000000010000000001010110000000010000100101110100
01000011101000010000000110100010001110100000001100010111000100000100000000010100011000101001010010100
00000010010000100000000100001010010101001100000100010100100000101111000110100000100100001010010000000
00010110010010010000100001100000101000001000100011000001001000011000010001001000011011101011101000001
00000011000000011001000110001001000000110010001001100100100000101000000010000010001001000000010001000
01000001010010010000000101000101000011010000100110000010011000001000111100000100000100000010101100100
10100000001010101000000010000000000000010010101000101110100100000110100010000000001000000000000101010
01000101010000001100001000011011011110101100010000010010100010100000010001001101001000010000000000101
