00000010001001110010010001000100000010000100001010100101000101110000011010001001010001000100100000100
00000000011001010010000101000010000001001010000000001000010000000101101011001010000100100010110110000
00000010000100000000100100100110000000110100010010000000011000000000000011010100100000000010001101001
01001011000000010000000000011000010001000100001000101100011010010000000010000111001000000000100001010
00000010001010001100000010000101001011010000011110000001000000000000111000101101100000100101010011010
00011000001100010001000010111001101110011001010000100100100000000111001000000100100000010010011010000
11000010010000001100000100001010000100101000100000000001010110001000110001010100110101000000001110101
01110001111101100000001010111010000000110000001010000101010000110011000100001100000101100110000001100
10000010000000010101000100000000000000100100100101001000001001010000111110000000110000100010000000000
00000000011100000100110001011010000000000000101000011000000010000011100010100001110000011100001010010
10000000001101000000100000000101100101100000010111100100100000101001100100001101000100100010100000001
01000010001000000100010001000001010000011010000001010010101010010000000000000111100101011010000011010
01000011001000011001100010111000100000000010000001010000100000110001000110000110000000100101000000001
00101100110100100001100101000000100001010000001100110001010010000000001100010111000000001000000101000
11101011000100000010010010000110100110100000100000011011000110010100010101000000000011101100000011011
00001000100000001000001000101010000001000110001001011100010010000001000000100111000100000110011000100
01000010000100010010011010011001100011001101000111000100100000000101011111000000010111010000111010100
10011001101101000011110000100110000011010001011100000110010100110100000000000111010001010110001011000
10001101000000010000000101010000001101000101000010011010011010100111010101000101100010100001000001000
01000000000101011010001010001000010010101010100000000010000100001000100000000100001000010001100000100
00000010001000010100001110011001101101000001000000000000000100010111000000110100010001100000001000011
00001111100100110100100010000100010101101110110000000010001000001000001010001011000100000100010100000
00010100001010000000010010000000000000010010100001100011001000100000100000101010010000010000000100110
00001010010100101000100101011011000000100100000010000001000110100001000101110000001001100001101111010
00011010011100000100100000000000110110111001001001100000100010111100001101001100100101000000000000000
00100000100100000000000000001000100011001011010011001000000000000000111000100000000010001100000000010
00001001000010000001000001000000000011000000000010000010100010000011001001000000100000000011010100001
10000000000001001000000000000000100000000110000101100110100000000000110000010101000011111000000001110
00000001000000100001000010000010000101000000001001011001001101001000010001000100100000000001011000000
00000111110000010000000010000000010110000000110001011100000010001100100001100000100111101100010011000
10101000100100011001100000011010100001100111101101000101000100100000010001010000100001000001101101111
10001000010101011000110001110010011010010000000010001000100000010001000000000010101001000000010010010
00000100000000010000100011000100000100010100000011010000010000111010011000000000100101110001110010000
01010000001010011000000100111000000100111010010000011000010000100100010000110111010000100000010000000
10110011000101100000000000000100100000000000001000000000000001000011100010101100010100001110001000100
00011000000111000000010111000001101000001010110001011101010100110100000000010010000011001000000001010
00000001100000000001000010110010001100000101010100010010001000000000000000110000000000110100110101000
10110000001100010100000000001011010000000010100001001101001010000001100000011111000001001110001010100
00010000010010001000001000011000101001101011010000100000110010111000000111000000000001000000100000001
10010001000010001000010110011000010011000100000100010000001100001010000000000000000000010010000110000
01001000010000010000001110001100000101100111000110100000000000010010100100010000011011010000000010110
00000000011000100000000000010000010000001000001000100110000010100000111100100101000000000101010001011
00110001001011100000011010101000000100000000000011100000000001000011000110110000011000010100000000100
00100100011001001100000000000000100001000010100000100000100000110000000000100001000000100000000010001
00100000100110000101110010000110001010011000001010000001001100100001010100010110110001000001001001000
00001110001100100010000100110000100011100000010101100000010110000100000000010100000100000010100101000
00100110101001010000100001100011111100000000100010000100100100000110000110000001001010110000000010110
00110000000101100011010010010001010100001000101010001011110000100011000000000010000001000001100100100
00110000000000110100010110000000001000010000110100100001000000010000101000001000000000000010000001101
00001000001011110100101010100001000000000000010001010000100100010001101000000000101000011010000000111
00001000000001001000100001010010100000000100000100001010111000110000100110101001000100001010010100000
01000000000111001111010100100000010001100000010000100010000001001000101001010100000000100011010100111
10000000000000001000100000100000000000000101100000011001101001101100000100110000100010010111100000100
00000100011001010000000000111000000000001010010000110000001000010010101001010110001011010000100010100
00010000000001001000001000110011101000100100001000101000011000000110100100100000001000011000010010001
11011000010000110001000001101000000101100011000101100000000000010010000100011000000010110010000111010
10000001000001000100001100010010000000001000100010000110100110110100101001001000010010011000100000101
00000000101101010101010110010010101010001101010100101000100000101000110000000001000001000001000000001
00010011000010001100000000010001010000000001000010001100001110001000100101001000100001000010010000000
01000010111100000000000010000000000110101111011100110010010000000010100010000001110010101101001010000
00100100001000000111000100010010001000001000001001000000100000000100111000100100010010000011101001010
00010010000100000000001100100100101001001000000000100100000100001001110001000010000000011010001100000
00000001001101100111010000010001110000010000100000110000000100101000000010010010000010110000000000010
01000010010110000000000011000001010001010000001000101010101000100101100100010011000000001011101110001
00000001100001101110100000000101010010011000010000000000000001010111100000000110000100100110000000010
00000110110000000101010001001000001001000010101000000010101000000010010111100001001010000000000100100
11001000000010000010000100000010000000001101010010000000001010000101001000010001010000000010101100000
00100000001101000011000010001000000011101010000011010001100110010101101000010010010000100100000000001
00011010110000010000001000000101010100001000100000010000100010001000000110100011000001010010001000001
11001011000001001010100000000000000000100100001100000100000110000000011101010000110000000101001011010
00110110010101101001001000011000000000000000100100000000000100000010001000011011100000001110110010010
00000000100101000100000100100001000010011100101000000100011001000111010010011110000000000001000101100
00001000000010000010000010001000000010100000001001011110000100110001010011000000000001010001000000010
10000001100000010001001000011001111010001010001110101001100000001010100001010001000110001000000000100
01011101000001000001000100010110011000000111100110000000110000000000000001011010000000001000111000000
00010011000010000100000100001110111000000000000010000000010001000000101000110000001101111001001001000
00001000101001000000100010010000001001010010010111000000001000001001100001000001011000100000010001111
00110001000000000000000100000111000000001000000101010000100010010001100101001001000000000000100010000
00100000100000000000100001000100000101010100111000010010010000001110010000011100110110110000000100000
00010001111000000001010010000010100000001010001100000001111000000100011000000100100000000010000011000
11010110011000101100000100010001010001101000101100101000000110001010000001111011101110010001000011010
10011010100100011000000010100011001100000000000100011100000000000100000001100000000100000100011001010
01110000010100001100100100000010000011000000010100000100000100001001000010011001110011101011000010000
11001000001100100010110000000101000000100000110001000010010110010000001000000000010010000010000000000
01001110000000001100000000000010010000000000000000001000010010010000100100000101000010010000000110000
00010110000001101100100001010000010000110000100000000001000000000000010001000000011000000010000000100
11000001000100110001000100010001001000100001010010001000010001110110101110000000001110111100100000011
10001001010000000000001000000100001001010000100001010101011011010000010001000100010101100000100000001
00001110000010110010000110000000010000010011000000010100000000000101010000110110000000100110001001000
10001000101001010010111101011000100100000000001000000010010000000000101111000100000000101001000000010
01100010100000001010101001010010011011000000001100000100001000110110101000001100000000000001101000011
01100101011010010001110000001000001000110000011001100000011000101000001100010000100000111110010000000
00010000000000001000010111000001001011010000100011100010000011011000100001000010011010010010100000010
00001110100111010110100101000010000100001000010100000100100110010000000001001000000101010101100000000
10000100101000001010100101000011000101000010100010001000000011000000000010110000000010000001001000001
01100000010100111100000000010100000000000001000101011000111001010001100100000001100000000100000000000
10001100000000000011000010000000010100001000000100010011000110001000100000000110000000000110000000100
01101000110000001010100001001100010100000000111000000100000100010010001000000001101011111100001110000
00000101100101011000000000100000011110110001010111010010000010001100100010111000100100000011010000111
00011100000001001000000010100011000000000101001001000100000001000000110010000000011000000000100001000
00010000000000000001011000000100000001000100010000110100000010000000101110000000100000000000010010000
