00101000000001100000100000011001011000000011001001000000100000010010011011000000001010001000000101100
00100100010110000010001000000110100000111100100001100000011010000000010010110000010000100000001000100
00101101001010101001010100000000001000001100001000010000101000010110100100100001010000100000000000100
00110001110101011110000100000000001010000100000010010011001001100000000000101010000110101001110110000
00001000000100010000001000000101110010011000111000101100100000000011101000110001011001000001000010000
01100010001000100000000000000011000010100001000000010000000111010000010001010111100000000001000100000
00000011010001000000000110000101001101010000000110000001110001001001100100110110000100100010110000101
00000010001111000000010011000011111100000000000000010010001000000000001100100101100000000000100001100
01000011000000011010010010001100000010010001111000000010010001000001001010011010000000000100000110101
00000010000000000010010010000110110101000100101010000100011100111001000100100010010101100000000100110
01110100100111000000000010010000000100000100101101000010000011001111000010010010010000000000000010010
00100000100110100001000100010100001000101100010000000010000110100100110010000110100010000000000010001
01010111001001000010100100011100000010000100000011000100000010100000110101000001001110000010010100001
00111001101100000010010010100010011010001011010000000100101000010000000100000000111001111100001010001
00000000010010000101101010100010100000000010001011100001000000000000001001011100000100010001001010001
10010011010000000010000100110010000101101111010100010010110011000000000011011001000000110100010100110
01101110010100000000000010010010010000001100100000101101100000001000110111000111100101001000011010100
00000000001010100000000110000100001001011001000001010010010000000001000000000000000010000000101000101
01101011100100000110100100110101100011010000010101100100000110010001000001011000000001010000000001001
00100000100000100110000001000001100100110000001010001010000001001100010100010000000010011000000100000
00010000101000001110011100000000000000001010100001100010000000001000000111001001000100000001001100100
00001000001011010001001011011000010100110010001000010000010001100110010100000000100000000101000100101
01100001000000000101101101000000100010001001100000100101100000000110100000010000000000001100000000000
11001001000001001000001000011100011000100001100100001010100101001001000011011100000101010101100100010
00101100001000100000010000010001010000001010000100000001011000100101100000010001000010000110000100100
10100000110100001011000010000010000000001101000010001000000100000100110011100000110010010001000000000
00000000001000100001101101000000010000010010011010000000000000001000000100000000000000000110000001010
00111001011001000011000110101100110010001001110100101100100001001010000010000000001010100001010000000
00001110010101000000000100101001100010010011100000101001100000000100001000110101001111000100001101100
01110010001000000101001010010101101000000100011110010010000000110000001001100000010001011000110001000
01010001000010100010000000000100000000011000001000000000100000101000001100000000010000001010000000000
00101001000000110100010000010000000001000000000100000101000111000100000000100100010100110010000010100
00101100000010100101011000110100000010110011000010101001010010101010110100000010101000010000000000001
01010110111101010000011000001010000011001000101110001001101000101001101000010110010000011010100000101
00110010010001000010010000010000000110000010000000011000101000000000010000110100000000010000000010100
00000101010010001100010000010001000101100000000100100010000000001001110000010010000000000111101011100
00011100011010011000010100101010000110000000010001000000000110110010001100000110110011110100011000001
01100000100110000011111010000000011100011001100000011010000010101110010000001000010010001000000000000
01011110100100010101000100010100100110010001010000010100000100100101101010000010000011110000100000010
10000010100101100000001011001000000011001000010000000010100010011001101011010110101000011001001100000
00001100010000101001000101000000000000100011000011000010000101100000000000000010011100010101001001000
00010001010110011000000001010110101010010101011010101000110000001010001000000111100010000010000000001
00010100001100100101000000000100011101000101010011000001000000100110101000100000000000000000010100000
00101010000000100010000011100000110010011100100010010000100000111100100010001000100000101011100011000
00100000000001100000100011010010100000000110100100000011001000000000010100010101101000010010001100000
11000100101110001001000000000000000001011000000010100010000110100010011101001100100010011000000101000
00011110010100100110001001001100010001000100101001011000000101010010010010000001010001100000010000110
00011000000001010000000101000100000110100000010010000000001010000000001010010101000101011000000110000
00010000010100101001010111100000010100000001010001010011101000000111000000100010100000001000000001000
00000010000000000000000100010010010010110101000000000001010001100101000010110000000010101000100011010
00000100011010000011000001001101011110001011001000110100101010011010000100100100000100101000000010110
11011011000010000000000000001000100000000100000001000000000010000101000000000101100111000010110100010
00000100000000001001001000000001000000010010001100100010000000011001000100000000001100000110000010001
00100000100110000101000000101111000000000010000111010100000010001111000000000000111000000101010001000
00001010010001001010100000001000111011010000001000001011011000000000101000000100000000000010000011111
00010011000100000101100000101010000010101100100001000000110010110000100010010000110111011000111000000
00000010110000111101000001010101000101000000001110011111101010110000011100001100110000000000011100100
10011010000000000000000010000001000010000101100001100010011000000000000000100000100000000100000100110
01010000000110011010001001001010100000010100001011000101000001011100001010011100001111001010000101101
00100000000110110000000001010100000001010010100100011001101000001001110101010000110010110101000010010
00011000010001011011000000110000001000101001001001000000110110001001101000000001010000011000000000010
00001000100001001101100011000000000000100000011000100000000100100000001001010000100000010000111000001
00000110001000010101110000101000010010000101011000001000000011100000010001101000100010000111000001000
00001000110100010000001000001101010000100000001001101011100100011000001010011010010010000011000010100
00010000100000010010001000010001010000000100000001000010000111000100000100101010001001000000000000001
00010000000101000010101011000110001000100001000000000110000100011000010001000100000111010000010010110
00101100100011000000010100100010100000010100000010000000111000100110011101001000001110110100000000000
11100111000001001000011100011100001010110100100000011000000001110010101000110001001000000110010001000
00001010001000010010000000110000000101000000000001000000100000000001101010000001100000000000010000000
10000110000010000000100011100000000010100000010010010000010000000110001000000000101100001111000000100
01000111010000010001000010001010101000100011000000000110000101000000011010000000100000100100001010001
00000100001000100110000010000011001110100011001010000101000000101010100001001101000100100010101001011
00001101001100000000010001000110110101110111000100011011001000000010000011101010000110001100011000000
11010001000011001011000010100010010000010100000001100000010011011110000000111100000101000000001101000
11010000100000010001010011001011000101000100000100001000000001100101101101000100100000000010000001000
00001000010100000010000100000011111100010000001000100100011000001111100001000000100110000010001000000
10100001100110001000011001000100100010010000000100100100101010100000001000100100100010000100101010000
11000000101100000110000100010000001000000001010100101001000000000100000111001000000000101001000000011
00000000100010001100000100011100111011010100100100010000110010010000010000101100000010010000100101000
01101101101101110100111000001010000110000000010000000000000000000100100001010110010100000011000011001
00000001100000001110110000011110000100010000010110010000000000010001000001000000000001000011000110000
01010100010000000000011100010010001100101010101010000000010001010100010010100010100100000000010100101
00010100011010001000001000000100000110000010000100010010000000000100000000100000001101011100100010011
01000000101100000000001101000000111001110010000001100000001100000000100000011111101100010000001000010
00100000000000010100011010000100000000011100100001010010000000010111010110100001100001001000100001000
01001000000101000011001000101101000001100001000000000000000011001001101110101000101011000100011000001
10001100000010000000001000000001111000000010001001110001010000100100010000001000000100000010000100000
00001000010010001000000000001010100010100000011100001110010000010000000001100100000000010100000111000
00010101000000110010101000000110100001000000000001000101001110001010100100001010011010011000001000100
00001000110101010001010001000000101000000000010001000000010010101000001000010010000110101000001011000
00001001100000101010001010111000001000000000001010000110001110000111110011101101100101100000110011000
00000000010000100101010000100001001000000001111000000001000000010000010000010000000001101110000000001
01100010001000000100000010000111100011000001110000010010010000010100010101001001101000010000110110000
00001000000001010100001000000000000011010011000000000000100011000110110010110010101001110010000101110
00100001001000001000001010000010000001000001000011110101101100010001001000000001010100110100001011000
10100001001010100000000001111000101110000011011000110101011001100011010101101100100000000000010100001
00000000100100001110000110010000010100100000000100000101000000000001000000001011000001100001100110000
00110010010001110001000001001011000000000001010010000001001010100100010100001000010010000010001010000
00011101000001010000001000100000000000101000101000000000110101010101000001001000000111100100010001010
00000010010000000011010000010000001000000111010000110010000010000010001100100000000001010000100010010
00110100000000001100110000010001011001010001010000000000000010010001100100000010100010001110100010110
