00001100000001000000001001000001011000010000011001001000000010011000001000000000000010001010100000000
00001110000100001000010100100000100000000010000110000100010010011000010111100110000010010000001001000
10010000001010000100110100001100010110010001011100110100000110100011100000100110001001100001100101100
00010000001001000100010000010000000001011000100100100000001110001000010111000000000010000001010000100
00000000000110100100001100001011100100011010011000100000100010110010001000000000000010000001000000100
01000011000100110000111000000000100010000000000000100000100101001100000000000010100100100000000100011
01000000000010001000000000000001000001100001111101100000000100000000000110111001010010000110110100001
00010000101000010000001101000100110100000100100000001000111110001011010010000010000101000011000001110
11000010001001100000100010000010100100000000000000000111000011001000110000000100000100010100001010000
11010101000000000101101011101110000011000100011100000000010100110101001000011000110011010000001000000
00010000100000010010000000010010001110001001010010010100000100100011000000110101100000011000110000000
01100100101000000101000100000000000101000000001110011000110000000000000000000010000011110100000000001
10010100101001000010110001000101011001011101100001100010100001001000000001001000001000100100101010000
10100000010010110001001011000000101110000000110100010110000000100000000000010000011001110000000000101
00000010110100010001110000000001010011001000000001001100010000000000100110101001000110010010010110101
01000000100011010100000001000000100000000101000010000010001000101000001010001001001000000010000000000
10110000000000110010101010000000001001000010110000011000000100001111010000010000001000011000001000101
11011010000100100000010100000000100000100100000001010001110010100101000101000101010100000000000010100
00011110100000010000111011001000001110011010110100001000001000000000100100011000001000000110001101101
00010000001001000100000000000000011001000000100101011000101000110001010111001000000110000011000010101
00000101000000011000000001000000000101000011100010010101000010000010001000000000100011001001010000000
10000110000011000000010100011000011100100001100110001000000110000001000101101010010000000000010011100
01100010101010101000000011000001000000000101000000001010100000011111000100000110000000000100010000000
01010100101011110000010001100000010100000100000000000001010010100000000101000000000010011000010100000
10000001110000000100000001010000010100000100000000110000001101000000000001001001010000000000010100010
10001110000010000000000011010000100000101000010100000000010001001110010001010100000000000101111000001
10000110001001111001100011010010011001101100101100100010100001011100001001001000100000000000000000010
00000101100011000110100100000000000100100000000000100011010001100011110001101000000101000000100000010
00000010010100100001010000000000001010000111000011010000010110001010001010110100000001000010000001000
01000110000000100010100110000000101000000001000101100000001001010001000001001111101101010100100000010
00010101101011010100000110001100000100001011010010000000000000001001000011000000100000011010011000110
11100000001100000001000001010001000000101000000100000000001000101011000001100000011000010100101100000
00000000010101010000001000000001001000100000001110001100010110100000111010011001011000010010001100000
10010010010000000001001011100001000100110001000000000000010101001000101101000000000100110100000000000
00000000001100011100000010000000000000001100001000000010011000010000000000100000100010001100000010100
10010001000000000001000101111100011000000110000011100010100000000010011100101000100010101001010001100
00010001110000101000001000110000001001101010000000000100000100001010001100000000110000010100000000100
00010010001000111101001100000100100001000111000010000010000000001100000000011010010100101010000010000
10010100010000010010000100010000001001010001000010001000000010000000000000000010100010001010000011000
01011100111000000001000001000010000000001101110000001010001000010000001001001010000001000001000001000
01110101100110011010000000000000001010000010011000011000001000101000010010011001111010000000110000000
00001000000001000010000000010000000011011110010110000000011000101000100010000011010010010000100001100
00100001110001100110000010010110000001110001001001000000000000001001011011000100000010000000000010001
10001100010100011010000011001100000001010100100000011000000010010000100100010000000100001000011001001
00010101010100001000100001100001000010001000001000000100100000100000111000100110001001000100010000100
11110100000011001000000000000010010011100000101100100101101000010001001001000111000100010010001001001
11010000000010100001010100001010101100000010010101000101001000000010000000000000000000000100001010000
00000000000101100001001100001000101000101101000100100001100001001000010001000100001111001000100001010
10010000010000100000000000100100000001000000000000000111010010101000011010010001011011101110110010100
00000011000001010010111100110000110000010000001011100110010101001000000100000100000010000100001000000
00011000010001100000010100101010000100101111000000101100110010101001001000000110100001001100000111000
10000100000010011001100100000100001010100100000011110001001000000001000101100000100001001001000000110
00110001000011000100000010000111010000011000100010000111000000000110000011100100011010011010100001010
10010111100110011011100000100000010000001000101000001000011000010110000010010001000010100000100111110
10001110001100010000100000001000000010010000000010001011100101010000100000001000011000010100000100000
00100000010110100000000000000000000100010110100000000001001001001000010010000110001010000001000100100
00011110110000000100100010000001100000000001000000010000011101001011001011001111100011101001000011100
10001110011001110000110100000100100001000110000000011000000010010100000010110000000000010001010010010
01110000010111000000100010000101100010100001000000100000000010111000000000010110000000000001100100001
11001111000000110100100001000000000001001000000000110100100001001000001000101111100010010001001000000
00010010101110001101010000001000000010101111011100010100000101001110100111001000000000000010001000000
00001101100011101010010010101000101101010000000000000110111110010001010000001000100010000110010000000
01000000000100000100001100100010101011000000110000001001010000001110000010010100010100000111110000000
11000010010100000100010011110001100000000000110110000000010000000000001000000000010100000101101000010
00000110000000010011110100000000000000100010000010000000000100011000001000000001000011011000000100101
10011001000000010010000000001001010100000110111000000001010001000001001000010011000001010001011001000
01100111000011001010001001000000100000001100101101001101000000000001001000010110101100100101011110000
00100000100001011010010001110000101010010011000010110100000101001100000010000010000100000001000001010
00010000000000001000001011010001000100000001101000000100000001101100000001001000100001001001110100000
00101000001000001000000011010110000010001000000000011000000000000010000000001111001000001001111000000
10000010000000000000010001001000110110001010100000000000001000000001110000001100000001000100000010100
10001100000001000010010001011011100110011000010000000010000000000111000000000000101101001100001000000
00000000101010101011100000000100000001001001010000100101000000001001100101000010000010000010001011100
00001100001001010001010010000100001011000011000001000100100100001101010111000001011000000000100001000
01101000010010010101000000000011101000010000100101001011000011100000001000010011100010010010001010000
11000010101100100000000001001010001010001001000010101010010000011100011100000000101000000110000110101
10000100000010100010000000000010100100100000000001100000011000000000100000100000000001100011000000110
00000001000011100110100000010000101001000010111000001000000000001000000100101000000000010100011010110
10010011000000110010000011010000011100010110101010001000001010000000010011000011000101001000010010001
01100100100100000011001000000110000101010000001010000011000001000000110000000100110011000011011101000
00110001000000001101000101001100000100001011011011000101100100000000000100110000100001001010010001011
10000110110010100001001011000110001000101110110101001001010001100010000001010000000001100000011100101
10010010100000000010000100001010000111100001110110000000010001101110110110001100011010001010001010000
00100100010000000010010000000000110000000000010110000000011100000001100000011000110111101000110000010
00001010000001000101011011001000100001000111010011011100101001000000001001011000100000100000010000000
00001101010101010000100010001001101100100001000010100010010010110010100000000010001001110000001000101
00000100000000111000001100001101000010001001000010110110010001101110100000000100000000000100000000000
10000010110000100001100110010010100011110001001000001000011100000100000010000001001010000000000000000
00000100000010001011010101001000011100010000000010011000100000111000010011010010000110000110100001000
10100101011001011100000000000001010010101001000000001000100010100011010101000000101101100001000010000
01000010000110000110010000000001100011000011000001010100101000100001010100101010011000010100001000001
01000000100100001111000000101000000110000011000001000001101010010000011001001010000100000011000100100
10010010001100000001010001101010100000100100001001000010011000010110010101001000101010001100110000000
00100101000100000001000010000100010010000001101111010001110000010101111010000011001100001010010000000
10111110000000100000100010100010010011000110001011000111000000110101100000011000011001000001010000001
00000000111010100100000100111110010001110000100100101000011001000000000000010100001000110010100100001
10001110000000101000010000000110000010001010100000110110011000000110010101100110010110010010001000000
00001000000001000000100010100010101000000001010000011100000010000101101100000000000010100110001001100
00000000000101000000000000000000100000000010100000000001000000001001000001000010001000000000000100001
11100001101010100010001001010010010000010001100001011011100000000110010010100101100000011000011001000
10000000000100000000100100000010110001101000000001000000000001000001110010001010001101000011011001100
