00010001000000000000100101101111000000001000100100010001100000110001000101000100001010101100101000101
10000100001011001010111000000001001100001001000100000110000000000100000100111000000110000000000000101
00000010101110000000001000010010000000101111000010010101100011100010100001001001010101100100101001000
01101001001100000101100001010101000000001000010000100100110100100000010000001000101010110110011101101
10011000000100010011000000000011010000100110001000000000001010110000110001010100100000101000010011001
10000001100000000110100001000000100000010001000101100100100000001110100001010100011100100010110010100
00001110010010101000000100001010101101101010010001001010000011001010100000010110011000000000100000100
01101000101000010000011011010100010010110001010000000000100000000000000010100000000000100011000011000
01001001001000010001000010001000100001001100001001000001111001101000000100100100000010001010110000001
10110000100010001000000110001000110100101101100001110000001000110101000000011100100110010000001000000
00000001100010000000000000000100011000101001000000000001000100000011101011010010000100101000000100001
00010010000001010000010001000001010000001001110110110000000010010010101000101010001010010000101000011
00101001010011100001001000100101000110101010101100110010110000011000110000101010001100000000000000100
11001110001100100110001000001010000001000010101100001000000011011010101000010000001000010000100000101
00001000001000000010001001010001000100001000000001000000011000001010010000000000001000000100110001000
01100100010000010000000011010001010001000100101100001010100010001100010000100011000110101000001010000
10010000010000100000100101000010010001000001000011000100100000000000001001010000011100100100110000001
00100011110000011011000101011101000000000000100100100000000001100001000000000000000000000000001000101
00010101010000010000010100010001001001001011000100000000000001101000001101011000010001001011001101000
00010011010010100010010000110000011010001011010101010000011100001010001001000000001010000110000000100
00010000000000100010001000000010000000001100000011101101000001010100010110000000001100000100110011101
00101010000000110000011000001010000000001001111010000110100100000010010001010000000010110100100000010
00100000000000000000100000001000011110000100001001101000101010100000001000110100000001100000101000110
11100000000001011001100100000010000100000111111100000010000010000001001101001011001001001001000000000
00011101110100011000101001110000100001101010000000001101100101010110000001010100001010000011010000000
00000000001000000000100100000101000001001010000010000100000111001100100100000000101000011000011001100
00001001000111100000010100000000011000100000001001000001010100000001000111000010010000000001001110100
01010011010001000000100010010100011010000000011000001001001010111011010000010001000000001011001100100
10001000000010001110001000010100110000100100100000010000000001001000000010000011000010100001010001000
00000000100010010010101000000101001000100001001010000001000000011000000000000000010001001000001000100
00010100011101101001000000101010110000110101101010000011001000000110000000010000001010100000101000010
01110000001100000000100000000100000010010110110110111000001001001010101001000111000010000100010000000
10111000001000010100001110010010000001000010000000000100000110000100101110110010001001000000100000000
10001000010100000000011001100100001100110000101010011100000110000000001100011010000011000000000000110
01001100010010101010000110101010110000101010000010000000000000011000101000111000101100000110100000000
11010000101000001110011001000000010000100010010010000101000001011010010000100110000010000100000001000
00000010101010000010000000110101100000101000001110000011010111001011111010001010100000000000000001101
00010000010000000000101001001000010101101100000100000001000001001110000010001101001100000010001110100
00001111010101010001010011000000110000100011000100000000000001000000000000000000011011000000100100000
10010100010011010000101011100100110000011010100001000000100000010010000000000011110010100001000010000
10100000100000011000010000011100000100000010011100001000100100000010010101110000000000000000000010001
10010000001010111010000001110001000000000100000011001100000011000100110000011001100101110111000000000
00100100101111100000001010100111010100000000000000010100000110101001100010011110000100000001000101000
00011011010001100000100000001110001110101100100110010000000000000000010100000000001011000000000100010
00001000001001111001010001000000010000001001000000110100001000000100100000101010010001000110010100101
01010111100000000000001011100101000000010100000000111000100100000000000110000000000000110010000000100
10001100010110000010100000101100000100010000110010001100111101011101100000000010100110110001110101110
01110010000100000010001110001001111010000000101001001001010000001111001010001011000001000011000011001
00101000000011000000001000000010001100010100111000001101100001001000000000000000001001001010110010000
01010100011000100001010011000100001010000100001010010101110110100000010010010000000001110001010101100
01000000001000111011000011001111011011000000100100101100000001000001000010000111101000001000010010000
10001110000111010000110100001000000000000000000000100010001111110010000000100010000010001000010100000
00010000101010100000001010000000010000110011000001100101111100000000001111010100110110101000001110010
10011110110011000100110101000010000000000000100001000100000000100100100100001111100100000000010000011
01100010100010110100110000000100000000100100011101000100100000100000000000100000000000000001101000000
00001001011000110100001110010001101010010001000100000000000000000000011000011001100011000011001000011
01011000000000110001000000010000111000000000000000000100011010001000001000010000000100000000000000000
00110001010010010110110010100000000010100001100011110011010110000101001101000000000001010000010100010
00000110000000011000110010000000100000000101101000001000001001001000110001101000011100001000000001000
01111000100001000100010100010010000000001100101100010000000010011001100001000000001101011010010011010
00010100001000000000001100010011110000100000010100101000100110010100010000000000000001100110100001101
00101011010001101000000000001100110000100010100010101110111101100100000001000010010010000010010001001
10000000000100000010101100100011000100000101101010001011000100000000100000110110000000100001001000010
11000010100100101000100001110000010001000100010100000100000100000000110000000000000000010010001000010
00000011000000011011001000000010000010001001000100010001000100001001101000001000000000000000010100101
00000001000101000000100001000000001001110000100101001100010110010010001001000000101100000000011000000
01100000000000010100000010000001100010001000000000000100000001101101010001000000000100011100100000001
00000010000000001000110000100100000001001100101000110000000111000000000100011001000010100101000000000
00000001000010011101000000110100000000010000010100000000100011000010001000010001010011000001010000000
00100100011100000100010110001011010100110000110010100101000011000010000000100110011000010010000111000
01111001001110100000101001101010010000000010000000100010000000001011000110010101000001000001100001000
01000000000000001100100000000001110000000001000010010010100101001000001010010110010100100011110101001
00011111000100000000000101000000000110000000001000001001000001000001101011010001000001101010001010101
00001000100000000001001100100000100100001000011000001001000000000000010100000001000000111010010001001
00100011000001100001101000000011001010011000010000101000010101000110000000000001111001000101000010000
00100001010100100100001000000010010001001010100000000000000010000011101101100110001110100101001100000
00000000010100000100001010100100101110000011000000011000000101000100110001101010011000001011001010110
00010100001100111101000000010011000000000100011101000000101001011010000000000100001010000001101010010
10011010001000001001001100100000101001000110100101000001010100100010011000011100000000000101000010000
00000000010000000100000000000000001000101110001101000010001010000010101101100000001100000010000001101
11000110001100100100010100001100000000000000000000010010110010000001000000010000010100000000001010010
01000010000011110010110000001000000100111000101100010000000100000010000100000100000000001000000100000
00001010000101000011000001000100100000101110000011011101000100000001011000101000000001000011000100000
00000010101010001000100000100000000110010000000010100000000100100110011001000001001110001010010010000
00010000010000100000111010000000010010110000101000001010000101011010000100100001010010010111001010001
01011000111110000001000000000000000100101000000001010000010011010000010000000001001100000000100101110
00100100001110001000101000011000011101100000000000011011000000000101000101010000100011010111001000000
01010100100001000100000100000100011000101011100000110110100100110010101101001000000000000001010011101
01110000011101000010101000010000010011110101000010001000000001100100010010000010011010110000010000000
01001011010011111100001000100110000011001110001010011000000000010001100010010100001000001000000000010
00100111000000110000001100000000000100100011100000111001100000100110100100000000101011011000110100101
11100000001101000001100010000011010010000011011100101010100000000000101100000000100000101011011000010
00000000100010000101000001000101011010001000100011101101001110000000010000110000001000000001001001100
00100010100011000110001001100000010110011010101000000010100001110010100010010110011000001010010011010
11110001000100000111101100010010010000000000000100110001010001000001000000100101000011000000100000100
01000000010010000000010000000000110000110000000000011110001010110100001001000011001101001001100000001
00001000001100101100010001111000100000001000111010000001000101000000011000000001100011000000010010010
01001100010000000000000000110000000000000010010001000010000000110000000001010000100011001110110000000
01000010001001000000001010000001000001000001000001010110000001000010000000000001000010000000010011000
10110100110100000101000000000000101001010000000000010000100000110100001000000100100000100100000000000
01000001010000001101010100001000101100001010110001010000000000000000000001111000001000001100000000001
