10000000000000100111000001000100000000000000101001010101010000001010001010000101010001000010000101010
00000000001000001001000001000000101011000000000001000000000000000010100011010000011011101001110000100
01000101010100000011110010011100100000010100100000001000101111010000001100000110010100000100000101000
01000000001000001000000000101001011000001000001001001100000010000100001000010001000100110000000000010
00100000000101010100110110110000100001001000010100110100001000001010110101000000010001000000001000000
00001010100000100111110000010001001000010000110001010000100110000101101000000110000011010000101111100
00010001010000010000001000000000010100000110110101100000100010111000010100000101010001101011001000000
00010000011000000111000110000100100110000101101011000011001001000001000001000010010000011010110100010
00000011010001000100000100100000000100000010100100000101000110101111110011100000011001011010100000001
10011011011000000000010100010010000101111000000110001110000000101000001110001001001100100100111011010
10010100101110000100001100000000100000111000010000000001001000001100010001010010000000001010000001111
01000010110010000000101001000000000010000000000100111001010101101000010010000010001010000101001000000
00000000110000001000000000011110011010001010010000001000011001101000001000010001000001001000001101000
01001100011000001010101000011100000110100001010000010000001100000011001010101010000100000011001000110
01110011000000100100000100010000011011000001010001100100000000101100001001101011010110100010101000000
00001110100000001000100000100000000000100101100101000011000010100000000000000000000000100000000000000
00100001100000110011000000000000100110010001001010000001001100000100011000000001000010000010011010001
00000100110001000001000000010000000001100100010010000010011011001010100111001100000000000010100100110
00100110000000100000110100101000100000001010010100001000000001000100100110000010000100000100000000000
11110001101000010001000100000001100101000001100001100111101001101011001000010011011001100101010100000
11000100011010100000100011001001000011110010010010010101000100000000101110010010001001000000011001100
01100000110010000010000100001000000100000000000100001001011001000110010000000000000000000001000010000
00010000100000011000100000101000000000101101100100000010010101000000110010110010111010100000011000011
10000110010000010100010000001000100001100001001000000100011000001110000001011010010101011010101001000
00010000000011100000010000000100110000111000001000000010101000001111100000000000101000000011100010111
01101001010000000100001000011010100100100100001000000100010100000000001100000100011000000011010010001
10000111010000101000010001001001001000100011101000000101100011010000111110101011010000000000101011000
00000010100000001000000000100000010110010001001001101001111001100000000000000000000010010001000110010
01100000100001000000001011000001010000001110101010010000000110100111000001000110000000100000000001001
00011011010110000001000100001000000110110000101110101000100100010010110111001001000010101000010000001
00000000100000110100000010001000000000100001010000110010000010001010100010110000010000110000001010000
00010011000010001000000111100000010010000000000011100100000000010010001010000001001100110100000000001
01100010000000000100000000000001010110010011110000000001010001100001011100000000001110000110000101001
10100000100000101010001010000000100100010000011100110010011011000010000110100000001000000010010000010
10001010001000011110010000000111010001101100000001111010100110000101001001000011001010111101001000010
01100111101001100000000000000000101010000100001010000010100100010111001000001010001011100010101000000
00110000000101000010000000110001000100000000100110000110011000001000000001010000001000000001000000100
00010100001110011001001000000010010100110000110100101011010001111101100000010000001000101010000010000
00100010000000000010100001000010000110111000101000100001000000110000000010000011111000110001001010100
00000000000010001010010000000000110000001000000001011101001000001100001001010000001111000000001000100
11111110000000000001000100011101001011010001001101100110100001010010111000001110000000000010100000000
01010101001011000101101010110010100101100011010101010100100001100010100010100000001100100000100100000
10110011100010111110011001010010110001010001001010010110000010000100100010000001000011010011100000100
00011010000110011011100001110000000010000000000011110000010001000000010001000000111100000110100001100
00010000000110000010000100011111000110000101110000001101001000010000100000110010001000101001000010000
10000000001100000011000000011110100010000100000000000110000000010001000000000010000011001000000101100
00000010010010001100000000000000100000000000000000100000100010000000010010100010100010100111001000010
11110110011000010010001011010100110000001111010000010011100001001100001100000000000000010000101000000
01000100010000101100000110011000001010001010010011000001001100000001000101000000110000000010001100000
00110001010101000001110000001010110000000000000100010010100000000001000000100001000010101001000000000
11000100010100000000001010001001100000010010000100101010011000011000000001001001010001000000000110010
00000101101001110000000000010101100100000001000000101010010111001110100000010000000010100000110100001
00101100011010100101010100110000001000011110011000001100000010010101011000101000100001000101000011000
01001000000000000000000100011001000110110010100100000001000100011000110000000001000000010000000000000
11001000000001110101001001000010000001010000000000010000000110100110010000010100100101100100010100011
00000001000001010101010000110100000100000100000000000000100010000100010110000100000000010100000000010
00001010001000000101001100100001100000000100001101010000000001001001000010001010010000010000110000000
00101101010010000100100000010010110010000000110010100001101100010001000000000000000001100000000010010
10000001001100011001011100000010000110000001000000100101110100000000000011100010100000000001000010011
01010010000000110000011000000000110000010001000001000001001000110000001110000100010100000100100010000
00000011001011110000101100110011001010000010000010010000011000001000110000011001010111001100000110000
10000001000000011100001011110011110110010010000100000011101000001001100001010011000010010011100101100
00100101010100100010000000010000010000000110111100011011000100101000001010001010011001001110100011010
10100001000101000001100001100000000101010001000001100000000100101101010011100100100000100001100111011
10000000000010001011010011000011000001000010010011100001010100000101100000011000010000000001100000000
00000011100010001000000010000101111011000011010000001000010000000010100111001000010100011100001101010
00001000000000101000001000010000000000000010000000101000000000111010000010000011010010101000100011000
00101011000001010000000011100011010011000001010000001010000100001101000010101001010010010000111010000
00000100010001100000001100010001000010000010000001101011010000001000000011100010101100001000110100001
00000011100000000000110100011110011010100000011010100110100010001000000101000110010000110010100011110
00000000010110000010000010101010000101101000010010010010001000011001000000010001010111010100001100000
10000000000010100101111101000010011001100001110010111110101000000100010000001001100100001100000000001
00001101001110000100000110001000000001001111100101000000100000000000000011010010101010000010010000100
01100100101001001101100010001000001000011000110000000110001000000000000010000101000010000010001110000
01000000000011010000000110000100000110101000100000100000001101100001100000000100001001000110110010000
00000011001000000010100010100100010000010011000101000101000000101010010010000001001100101000111100000
00110000001001100001001001100001010000101000001010000001110110000001000100001010110010011000000000100
10000011100001010000001000000101000000101001000011000101000100000000000100000011001000000110000000000
10100010010011100111111000100100100010110000100010000000100001100000001011000000001001010000000100000
01001011100010010100010000010000000001010000011000100010000110001010010110001010101000000001101101110
10000100000000000001011010000110010000000011000010111111100100000100000000100101011100101010110000010
10100100100000000000000000001001010011000000000110111000001000010000000011010000000001000010000100101
00011101000011101011000100011101000010001000010001100001001000100001010100010000010010001010010000001
00110100110100010000000001000000010011000001001010110001010000100100110000111001001100101111100000000
00000001001000100000101000000101000010100001000000110100100101011000011101000000000100000101000010010
11010001000001100000000101010000011011101000110000001100000010011000000001100000100111001000100011000
00010011000010110000101000000000100010000000111110000000100001100111011100000100100001100001101000010
00100000100100011000110110000100110001000100000001100001000100001000100101110001000010000001000000000
00000011000011000001010000100000110010000001001000010000001011101001000000000111000000000001000000110
00000110000100001110110010010000000000000101000001111101101000101010100010001010010001011100011000101
01010001111001100000001000110000111001111110100111000110001001000100000100010100000000000001000111100
11001010001000101100010010000000000100010001000010001000111101001000001000100000000001010000000001000
10000000000000000100010001011100100001010000011100101000000000111110001110010100100101001000101100110
10100111100000000110110010001110000100001000000101010010000000100100001010100001000000110000100001000
00010001010000010100010001000011010100101111000100101100100010000010000110010010000101010000001000000
01000000000000000000101000010110101000010010001100000001001001110010001010001100000101001001001000011
10000001010001000001000110000101001110010010000000100000010101001010001010000000101000110111100000000
01010000000000001001000001010100001000010110101011000000101110001010000110100000000000000000100001110
00000010000011000111100010000000000000000101110001000100000010001000000100000100110101101000000001000
11101011000100000000010001000010001001110010000001000110100100000100010011100000100000000010100000001
00100000000001000001010010010010000000001001000000001001000100000100100100100101000000000011100001101
