10010010010000010000001000000000010100010010001100000011000011000010000000010001101000100000000000100
10000100111101000001100000111100010010001111011000110001000101001000001100011010000001100010000011110
10000000100000010100100000110010100001000000000001001000011000110010010001010100100000000100000010000
00000010001111000111000000011001010010000111001010010000000000000011000110010010100010111001000000101
00001010111110000011001110000101010001101001000000000000001011000000011000000000101000010110000011010
01000110000000010000000010101000101100000110100100000101000000100100011000111111000001000010000000101
00100000100000100000000100100010001000000100101000000001010001011100100001000001001001001100010110010
11001111000000010000110100100010011010100000110100011000000000101001100000000011000000010000111100010
00001000000000101000101000001010010000001000010011010000100100010000100000000100000110110001100001000
00110001010100010001010001001001110001100000100000111011110010000000000000101011000100101010011010000
00011001001110100111001100000011000100110001000011001000000000100000100000000000000110000010101100100
10100101000000010001000101000001100101100000100101100101000010000101001000100100011110000001001010010
00010111001000101010010010110001000001010000110100000011000001100000001010110000100000111110000100101
00001010001001010100000000000001010010000100001110001001000000110000001000000001011000010000000001001
00000010011000010001110000001011000101001000000001000000001010001001010001000000100101001010000000000
01000110110000001010000000100000010100100100001010100100000010010001001000001001001101000000010000001
01000000001101100001011100010000001000101001010010000000010001001000010100111001000000001011000100001
10001100110000000011000100000001000000100000000000000010010010000001010100111010110001100000101000010
01010001010001011001000001000001000100000010101001000110010001000000010100100000100011011100001000010
01011000110000000010000101000000000000001100001001100000000101000101001000000000101000110010000010000
10101101100000100000110000101100100000101110010011001000010001011100001001001001000000000000110001100
00000100000110010010110101000001000000001000000000110100000101001000000100101010000000010011010010101
00001010000001011011001011100000010000101000011000010100000010110000001000010110010000100100101100000
00000000001000000110100000010001001010101111000010000000100011001000100000110000001000100000100010101
01000001000100100000000000000000011000101000010100010011000010000000000010110000001001001000100000010
00000001001000000000101100101000000000001001000100101010010110010101010000000000110110100001010000000
01000100010000010000000101011010000100100000100010010111001000000100100000010001000001011100000000110
10000000001101000011100001101001100100000010101000110000011001000001100100001110000000000101000101101
00110101110010000001101100000000001000101010000010000101100111000111000000100000000000010000000001010
00010100100000000000110000010100100100110011100000000010000000011100000000000001100000001110001001000
00100001000101000110001110011010101000010010100001000101100000110100111100110000000110100001100001000
00000100010001100001100001101000000010011000000110000000001100001010000110000010101011100000101000000
00000000100001011000010000101000000000000010001001010011110000010100000110100001000100000111000010011
11001110000010010110100100000001000000010110000000000101000000000011101111100101100011010010010000001
00010101000000100110011000000001010010000001001100011101000000000001000000001000010000000011110000010
10010000110000110001100010010101010001010101110010110000010001100101000010010100000101000010000001001
00000000100000000100000000110010100010100000110001000000000000100111101100001000000000100101000100101
10010100011100011011100000000100000000001001111000000010101000100100110011000110101000110100001001001
00000111000110111001000001001011101000101001000001000010111010100000001010000001110001000001110010010
01100010100000100011000010000010010001001001100001100000010000010000110001000010001100010000000001001
01100000110010001000010110000100011111001010000010000101011001010001110001110000010000010011000001001
00000011100001100000011100011100100101000001000000000000001100111000001010010001000100000100100010000
11000000100000001001100110011000010100000000100000001010000000100010010100100110000110010001001001000
00000000000010011000000010000000000101001100000000111100110000000110000110000000100000000000001100010
00110010000000000100010000010100010000101010101001000010010111100101000000010011011010010000000001001
00010010110011100010100000110000110100000101000100010000111000010000100000000100001011000001100101010
10100000010010100000010000000101011100001010000001011000001000011000001000010000001010010000000010101
10100000000001010000101111101110100110010100001110011011010101101100010101000001001000001000100110000
00100000000000001001100010000010100000010010100101011000100110000000100000010101100010100011001010010
01010011001100100000011101000011100010010001000010010110010111100000001100001111000000101101100010100
10000001000011011101000011100110000000010010110100100000000000010100100001100001010010110010000110000
00110100000100000101101000100100100100100010100100010000001101100000011000110100010001000100001000100
01001001110100001000000100010000000000000011100000010100001001000101000100000000000001101000010100000
01000000101010110000000100101001001010001000001001010001000001011010100101101101000000010000001000101
01000011010101000000101000010111010100100101100000110000100010001001101000000001010000011101000101101
00001100110000001000000010010001001110101110100000001101000000100000000001100100001000000001100000000
00101010000001101000011001100000100000010000001010000000110111100100000010010010000110011010100000000
00011101100000101101000000010101001100000011110000010111000100010000111001101011011000010000111000000
10000000000100000001000101000010000001100100100000010100010010110000101000000100011000010001000101000
01111100100100110000000101010010100000001000011100000010011000000110000010100010110001001010100010000
00010000000000010010000000101001101110000101100000011001001000001101100100100110010010000110000000000
10000100001101000001011010110001000001011010011001010101001000100001000010101000100100000001000110001
10010010000000000000000000100111110001100000000001000000001001100111000000000010011001000000001001100
10101100000000010000001000001000110000001100000001001110000101000000001111100101000100001100010101000
10000000001100010100100111101001101001100000011101000000001101000010000000010010110000100000010011001
00101000000000000000001111000011000111011010000110000010000010100001000000110110010100100000000010000
00010000100010001100001000000000000100010010001001001100000100101010001100110000001100001000010000100
01001010010001100000010000111011101000001000010000000010010001010000000100001100011001110000000000000
10011000100101000100100010000001000001000000010110110101101101001000110000101001010001010111000001010
00010000101100010000000001100000010100000111000000010001001001010100000000001000101010010000010000000
10101110001000110010011100101000000010001000100110110010001000101010001000101000000010101000011111010
01100011101100011101001000100000100001001000100100010100001000000111000000101010101110100100000000010
10000010101001010000010011000000100100010100010000011000000100110000000010001001110101001100000000001
01000000101001000100010001110011100000100010110000101000000100000010101000000000011000001110110000000
10000000000000001011000000010000000000100001001001010100001000000001100100000010100100101001010111000
11100011001000001001110010000101000010001000000000000100010011001011001110001001001000100101100011010
00010110001010100001000000001100001101011100000000000100100001001000100000100000010100000101010000000
00101101101100100000010010100011010000000111000101000011000110000111110000001110001110001001000000100
10000000001000001000010000001100001000001101000111010010011011000010000001000000010010010000100011100
01011100000000011000000000100000010000000010000101000010100010110100001010100010111001000011000101011
00000001100110010110100100000111000001001000000000000100100011001110101001011001100000100000010111010
00000100101001010000001000100110010000001010110011010111101000011000101100110001000101000000100100000
10011000001001000000000101001010010110000001101011001100000000100000001000000111010001001010001110000
01000000000001001000000000010110000000100001010000010000001000110010010011101000000010010110001010000
00000000010001100000000000000000000110010001010011011010100011000001000000000110111101100001000000000
00101000010000100111010001001001100100100010000000010000100000010001100001100000000100000110011000000
00101001011101001010001001000001001001011110000001100000001100110100001010010100100010111000000001010
10000010100100001000101000010010001010000110110110101111001000110000000010110001000011000100011001000
00000001000111000001000000000010100011001000001010000100001101010001110100000011000010000000000000110
11011110000000101000100000000100110010000000001000000110011100110010000011110010001000000100100000101
01010011100001000000010000000000101110011001101110111000000100001001000100100010001000100011100000000
01000000000010110011000001100010001100010100000000101000001000000000001000000110000101100000110100100
10010101011101011101011000010010000011000001001000010000101010001000011010100001001000011101101000000
10000000000011010000000000010000100000001110000101000110001000000011001001000101100100001001000000100
00000001011001001000000000111011001000001000001001000000000000110010100100000000101101111110001000010
00010110010000011110010100100011000000000000001100010000000000000000000010000011000000010000000000001
10011010100010110100100000111000000001010100101100000110110000001000010100011000000100011010000010010
01000100101000000000000111000110001101100000110010000000000001010110000000000000000010110010001001000
01001001011001101000100011000010100101001110001100011000101011011010110001010000001000000000111110100
00000001011010101000100110000000001000000000000010000010001000000001001000001000000100100000010100010
00101100000000110000000100100000101000010010100010101011001001100010000100101000100110100000000000010
