00100000101100000010010000100110010000100000101000000000100110001011000000100001000100001001000000100
10100010010000100000000010001100010110000000101001001000000000001101001110010010010000100110100011010
00000001000001100000000000000000000010000000100010100000100000000100000011001100010000000000101100001
00000000100000000100000000101001010101101001100001010100000100010000000010000011011011100010010010101
00010001000010100011000001111000000000101100000001000000000001111000000000001010011010000001000010010
00011000000110000110101011000001001010100110000010010011000101001101100010010001001000011000110000100
11011100010000000000100010000101000100000000010000000001001000000101001010110100000000000001101100100
00110010100100100001100011000101001101100001000001000000000000000011001011110100011100001000000000010
00000000000001100000001000110111100000100010000000000011010001000010000010000001000100000011111000100
11001000010000111011100000101010000111010000110000010010000100100000100101001010101000100001100100111
00111011000011000001010000000000000000101000001100010001100100000001000000001000100001101000101100000
00010001001000010110000010000000011100000011001000101100000000100000010100100000000100000100100110000
00011110100110010001010100101010111000000001100110000000011000110010001000000100110100001001010100001
00000111100001101100100000000010000110000100000000000100000010100010000011010110001000110000000000000
11010000010000000000001001011010000100010010000000010101110000000010001011100000100010010010000111000
01000101001000100100101011000000000001000110000111000010000110100011000110000000000010011000001001100
10000000000100010000001001100010011100000000100001101000001001000000000000110001000101000101100110100
10000010111101001100010000000100100100000100100110001011010000001001000000000010111001000001010000111
00000000110001000000100000010000010100100001101100000100001001001000000100010011010010001010101100010
01000000001001111100000010001001001000000000000011011000010001001000000000000000010101100100100111000
01011000000010101010000000100000000100000000000110010001000011000110000011011000010001000010101000000
01000010010000001001110111000100000100110100110011110000011000110001001011110000000001000010100110010
10000101000100101001000000010010000001000000001110101000100000000000000000000101000000100000010001101
00000001000010000000000000110000010000010011000000000000000000010101101000000110001000100101001110010
10000001000100001010010010000011100100011011001000000100100000001101010000001000010001000001011001101
11110100011111011011001100101001000010001000010000000000010011110110101000000010000000001110100000101
01010000010001001000000001000000001101100000011100100000001001001010110000000000010110000001011100001
00100011000001000001010011000010010011000010001001000000001000110000100100000100000011011001010000001
01000000100000000000010011000100000000001011110101000100011001100000000001010010010010010000000000000
01000001100001010000000001000000000010100010100011001001111101011010100000000000100111111100010001101
00000110001010010000000110000001001000010001010011100110000000100100010101000000000000000000000001100
10100101010010000010101100000011001011000111101000001001110100010000001101000010100000000000100000000
00010000000000000000000010101000100100101110010100101010000010000010010011010100000001100000100101001
00000000000000010010011000100111000000011000000001010000010000100010000000011001100001111010000100000
00000010000111010100100101010000010110001001011100100001000010010000011001100100100001000100100010000
00010000010010101010000000110100000111011100001100100010111110100000010000111000011000001100000101000
00010101001000001001011000010000000000000011010000001100000100000000000001101000000010010000110010100
00101000100000010010000000111001001000101101010001000001000101001011110000101101010001100111000100000
00000010001000100110100000100000001000110000010101010010100000101101000100001000001100100001100010100
01101010100001101011001000000110000011100000001110100110001010110010000000000100010010000110010000000
00010101000000010000000010011001001000010010011011010000000000000000100001100100000010011010111010011
01010010000101011100000000101000000001101000000000000010100001000110100011001000010101000101000110000
10001101101100010000000100011000001000000111010010001010100000000001101000001001000000100001100011000
10001101000011010010001010000001101001001000100011010000100010010000001001001000000000101010000000100
00010000001000110000010000010000110000001000001100000000010100001010000000010101001000000010000010001
00000000001110000000000000000000100100000100000010001000010010100000011010100101000010100000010000001
11000010100011000011101011000010000000100101001011000100010001010001000001000001100000000110100001000
00011000000110011011000010100001000111001010111000100000001010101010100001001010000001000001000000000
01100100000001001100101000000110101000000100100010101000010000010010010011001000010001001010000100000
00000110000010000101100010001001000100000000000011100110001010110000010100101110100010111001100101100
00000010001000101010101000000100001101010010111000100101001100110010001011100000000010000000010001010
00000000000001100010001000000000011001010010010100001000001000010000100100011001101001110000101010011
01100000000000011000000010000000000011001000011010001001100100011010000100001111000010000000000110010
00110010100000000001010001110101100001001011000100000100010110000001000000100100001000000110100100110
11001101000000010101001101011000000100000000000100100000000000001001100100110000000001100100001010000
01010000000100101000100010010011000001010001010101100010000000110100000000000000100001011000011000100
11000000010011010100000001011100001101110000001000000110100100001000000011001010100001001000001010010
00101101100001010001001100010010001010010101010101000111001010011100001000000101010001100000000000100
00001110100101101010111000010010100110000000101000110100000001000000000010010010000011100100100000110
11001000010001000000010011010100011001010000000000000001000010100011000000100000100000000101011100011
01110011001101000000000010011010010000000001100010001000110001110000010111000000010000000000000000010
00010101000000110000010000011001100100001010100000000001000010000100010000000101000001010000111101011
00101000110001000001110100000000111001000000110000101001000100001000001101010101101000001000000110010
00010000101010000010000101111000101100010001101011011001010010000100101011001110000010000100111001000
11000000110100000000100010100000000000000001010110000000010100000100001000101001000110100000000010010
10101101010001000101010010100001001100100011000000101010000010101000010001001000000110001100101010110
01100001001100100110101000000010101000000100111010000010001000010000110001000011010001100000010100000
00010000000000010111010101100011000000000101000001000010000110001010001001010100000000100000101000101
10000000100001010101011000000010010100101001110001110000010110100011011110110000111000000011000010100
01101010000000100001010010000000100100000010010001010010001100000000100000010100000000010010001010010
01000000100010100000011010000010100000000000010010000011011000000111010000000001000000000000100011001
00000011001100100111000100101000000100000100100010000000000110010000100010010100000100111010011111000
00100010100001000000001010000000000010010001100010010000001000100100010001000010000000000110010101000
01000011000010000100000100100000101010001000000000100000010100010000000000011000000100011111000100011
00000100111000000100100001000010100000000010110100011000001100001011000000001100000001000000000001010
01001000000000000000000000111010110001011011010010001010000110000110010010000000000001000000010010000
01000000100001011100100000000010101000000110000010000001000001100011000010010000100000000001101100100
10010100110000001010111001000001000010010001000100000010000000100000000000001001010000000100000000001
10000010010011001010011011000101001101000000010000001000101011000010000001000000010110000010000000001
10010010101010010001010000100100010011001000101000001110111000100110010100100001010001100010000010000
01000100000001100000101100000010000000010100000000000000000000000010001000010000000110110001010101001
00001000110001000011110000000000110010010100100001111000000011000000000000001001000011000001000110000
00001101001100000001000000000000000010010010010100001100101000100010100000100000111100001010010000010
00100100000000100000010100100010100001001100101010011000110101000001100010000001000111100101011000011
11000011011000011000001000011100000101001010101000100110000111100010000000000100010000001100100001000
00100101100001000000001000101010001101110000000000110011010000000000000001010011001000010101000001000
01010010010011100111100000011000000010010100100000000000011110000011101001100011001000100000100000001
00011101011000100011100010110000010010000100000100110010000100000000000010100110001000001011000000000
10000000011000011000101100000000001100100010010010000001001000100110100000001011100100000010000100010
01100011010000010010000001100000000000011000010000110000001100101011100010001000011100011010001000100
10000001000110100010000000001001010100010000000111100110100000001101000010100100010001010010001100100
01000100000100001011010010010000001010010101010100001011000000100100001010010010000111001100001000000
00100000000000000000100001100000001000010000000001001101000000111101010010000001010100001010000100100
10000001000101000001010111010000000000100000101110100000110101001001100101000010010110000110001001100
00110000011100000111011000100000100001000101010000101110000100000000010010100000010001000000000101000
11010010000000110000000101010001001010001101100000111000000111001000000101000000101100101000001000000
10000001000100010000000000100001001011100000000110100010110100000101100010010000101000101001010010000
00000000110100010010010110010000101011000001100101000100100100000100001000000001110000000001000110000
00110110100010100001001111000101010010100000111000001001001100001010100000010101000000100100010000111
00101001100100110110000000001100000000110010000100000010001000000110001110010011011100010100100101000
10000010010100000110010001010000000100010000000010000001010100010000000110011100100100110011011001000
