00000100100010100100101001000000000100000000000010010000000000101000000001000100000000101100010110001
00100000100000111010010001000010000001000000000100100111100000011100001000000000001000001110000000000
11010110011001001000010010111000010010011001011000100001000101000001010111001010000101000001000000101
00001110000011001000000000010010100000100000001000100000111000100000101000000101011000100010001110110
00010000101000100000000100000101010100011010000101001100000110010000000000100000001110001100001010000
00000010000000010000010000011011001000000001100101000000000001110110000000010110001000000001000000000
00000100101110100000000001001010001101001100000000110100000001000010100101010000100010100001100101100
00000001001100010100000000000000100100000100000001000000000000100001000001010100011100110000110010010
00100100110001000000011011000001100011000000000001110010011010100000100000101100010011100100001010000
00001000010000000000010001100001010000101100110011100110101000100001101000000001011010001000101011000
10011011000000000011100001000010100010110000100000000011000110000000010000001101000110010000000101000
00001010000001000001000111010001100010000001001000001101000100000100000101110100001100000000001010000
10101001000110000010000101011000000100100001100000010100101000100000001100000000000111001001000000100
10010000000000001000001010001100000000000010000010000001011001011100000001000000110001101000100010000
00000100100001011000000100110001100101010000101000011100011110000000011101111001110000001000011000000
00000000000000001000011000000101000000100000110010010011000010110100000010000100000000100000010000010
00000100101010000101101011110000000100001100101100000100000010110000000000000011000000000001000000000
00000110010100000011000000001010000111010000000010100010001100010000011100000110000000000000000001010
00111011100010000001000010000010100001010010110011000110001010001110010001000000100000011100001110100
10001000100101000000000010000000001010001001000000001010001101010010010001000000001001010011000000100
00011010010100100100000000000000100010100000001100100010010000011100000000000000011010100001100010001
01000000101000000011000001111000110100000000000010000001000100000000110000000101011000001100000010000
00000001010010000001000000010001000001000010101110010010101110000010100110000000001000100000011001100
00010000001100110001011000101000101001000001000001100101001010101010001000001010010110000000000010100
01100000001000000001000100011010010100000000100010100100001000101000100010111110100101001010001100000
10001001010111011001100000000000001000000011100010110001000010111001100000000000010100100000100000011
10000011000100110000000100000110100010001000001110010010010100110100010000100100011101101001100000000
00100001001000000110100010001001010001000000000000010011000000010000110001010010000000010001000100010
11000100000011001000111000110000011001110000000100101000001010000001000001100101111000000000100100001
01000100000010010001000100101010001101110001001010000100000101010000100101011001010100000000100010010
01000010001010101100010000000110001000000001010100000111000000000000100000000000100000110000000100100
10110100000001000010000000000001000000101010010100011110010001100000001000010010101100010000010010100
00000000000010000100000000001000000100101000001000000000010000000000011010000011000001110100010100100
00100010000001011000000110001100011001100010010101010010100001010100101000001101001010100000000010001
00100100000111100101010011000000011101010000000100000100001100101000000010010000011011101100000010000
11100000011100000010100001001010000100001000000000011101100010011110011100000000000100000000011001000
00000010010000101010000000010100000010010000001001000010010001010001000010000000011000011110000110011
00000011001001001000000010100001110000111000100101010001010000110000100000001011001000111000001000010
00000100110000100000111000000000010101000101000000000100011000000100100100100110001000000100100001001
01010010010100010000001000100010011000010001001111000000001011100000111001010010000001000100101110000
10001000001000011111100001010010000000001010000100101001000100000110100000101000100010110010100001000
01101100101100010010011110000101000000011011010000000000001000001000000100000010000010100100000100010
10011000010101000000011000000110110010001000000110011011001110000110010000000110001110000110000110010
00100000100000000101010000000000101100100000110000000101111010000110000010010101000011000010101011101
00001000001010100100000100000000000000111100100000101000010000100111000111100011010001101000010100001
01010010000001000000000110010000001101011001000000100011000000110000000000010100001100001010111001001
10110011000010000100000000000010010001001001110110000000011000000010011000101010000010110000100000001
00000010100100000001000100000010010100000111010101101000010000101000001001000100110100010100100101100
00101110000010100110000100001010010110000010000010000001001010100000000110000100000010000110001000000
01110101000010101011000010001110100000000000111100100000101100000000100100000000000000101000011010000
00010100000111000001000110010000000010001101000000001101000000011000000000100011010111100100001101000
10000010000100000010100101010001011110010100000100100011010110101001001100010000000001011000010010001
01001110110111111100001001000001100000001100000010010001110010100000011000010001010001100000000001010
00100011000011001010110000001000111010100101010010111100000101010010110010100010000000000100011011001
10001000001110101000001010000100010011000000100000000001100000111001100001010000000010010001001111100
00100100010010010000000001001000000011000111000101010101000010101000000010101011000000000000000000000
00001100001100000011001000100011010001000010001000100000000000000011000000111010010010000001000001110
10100010001000000101000110010000011000100100010010000011000000111100010001001001000000101110010001000
10000001001110000110010001100010000101000010000000000000010010000000000100010110000001000000000000011
00001000100001000000000001000010100010000110100001000001000100001000000100100001001010000010010000100
01000110101000000101000010010000010101001000101000000000000000010010010001000001001110001001101010100
00110010001001000001011000100001000100100100000111000110000000000000001101000000010001110000100000010
00001000100101000010001001000000000010000000000000010110011000100001100000001001000101110010111100011
00010100000010110000000110010010101001000000100000010101011101101000100111111001001010000000011100000
10101000001010100100000110111101101001000100011010101011000000000100011100011101000001010100000000100
01001110110101000000100100100100001000011000010100000000010001010001001000000100100000100010000001000
01001010011000110100010100100101001101010001101000100000010001000001000000000001000110010000100100000
00101001010101000001011000100000101001000010100010100100000011011010100000000010010011111000100000000
00000011001000000111010000110000110000000000001000001010000110000001000011000100001001001000000010010
10001000000000100000101001100001111000011000100000110000101000000001000000010100010001011100001100000
00000100000000100010000000000000000001000000000100010100001000101001010101010101010110000000000000100
01110110010001000000000000011001001000010000000010100001100000010100000011000000010000110010000110000
10110010011100100000000000000000010001011000001100001110000011010110000100010001001000000000000100000
10001101101001010000000000010000000111011000000100110010001100001000011010101011001110001111000101010
00100010010001100000001000000000011000101110101000000000000000110000010010000100100100001010000010010
01010001100000000111110000100010110000010100110010000100000000001110000010001000010100101001001101001
01100000000000100000010000001010100110000100000000000001001100001011011110100111010101101000000000001
00010010000001101100011101101001000000000001001000011011000011000000010000101000111100101010101001100
10110000010101101001110000000001111011011000000100100010000000000100111000010001000010010001001001010
01000111000100100111100100110000100011000001001100001001110000010000001100000101010010011000100100010
00100010000101000000100001000101000000100001000010110001010100100100110010010000010001011101000000011
01011010101000000000011000100000000000000000000000000000100000000000010010110101000011100000010000000
10100011000110001011100100000000010100010101100001010100000000000101000000000110100100110010001000001
00100110000100001101101001100100010011011111101100000100100010010110100011001000001010000000010000000
01000000000000000010100000000100000100100000001011011000011001010001101000000000001011111001011000011
01100011000001010110001000000000000010010010000010100001000000000011010010000001000000000000000101111
00110101101100000010101001110101001001010100001101000100010000000000111100101000101010000000110110000
10100010001010000000110001110000011001101010010011000101001010001001100000110000000010100001100011010
00100001000001000000101000000000000010010000010100001000101100100010101010011000011000000000001011100
00000000101101101110010010110001001000000001100001111111010110001000000000000011100000001100000110010
00011110011000001010000000001011001001010000100101000001000010000000100100111101000010000011000000000
10000010010000000100000010000000001101100110001000001011000010100000100011010001110100000000010000110
10000101001001000000000010000000010000001110001001001001001001000010100101100101100100010110010000000
00000100000110001010000000010100000000000010010001000000100000100101000001001001000000010100110000100
00101010000100000000010010101010101100000000100011010000110010001011100110000001000000100111100000000
10000000000010110010000100100000010010000000100011000001010011000000100000000000010000100110000100000
10010110000010011100100010101000110010010000110100011011111000000000000001000100010001000100010010100
00000001100101001010101000000001010110000000000000000110000010011000000010000000010000001100000000001
00101000001000010001000000100001100000000010001011000101011011100101011101000110001001010010001010110
01001001100101100000110000001000010000000001101100101100000000110001000000101000000001100010000000000
00000101100100100000100000000100101110000100010000011000100100101010010011000000110110000010001000000
